0.27219201572019375,0.24004952816011071,0.24664279231521238,0.2411156638044832
0.2784141444876275,0.23946767952049433,0.23946767952049433,0.24265049647138381
0.27484986133216016,0.2395691669810441,0.24139000373600972,0.24419096795078607
0.27390503955113316,0.23782752660305087,0.245637508525427,0.24262992532038904
0.27145005551980445,0.2365196559823316,0.24443658895045375,0.24759369954741017
0.28194491433637237,0.23582375694398827,0.23811842134498418,0.24411290737465519
0.27489829563432144,0.24278531946112517,0.24278531946112517,0.2395310654434282
0.2755832460150111,0.23903725011002377,0.23903725011002377,0.24634225376494126
0.29220627134551236,0.22912766023431133,0.2418084417522454,0.23685762666793087
0.2761921464616162,0.23954549076572207,0.24160701377423863,0.24265534899842311
0.2881949016605619,0.23307005494326768,0.23864466498731182,0.24009037840885863
0.27464734496955134,0.23950798828847472,0.24341911210504322,0.24242555463693072
0.27350573183218113,0.23850221868981203,0.24245526816548071,0.24553678131252618
0.2757964019330255,0.24104963084766282,0.24104963084766282,0.24210433637164888
0.2733224405513708,0.23898795496516936,0.24550256596311681,0.24218703852034298
0.2732184515077545,0.23757027613402884,0.24509316571739867,0.24411810664081815
0.30084634586586295,0.22926664043552933,0.23577737882984043,0.2341096348687672
0.27663596947637975,0.23503534645884336,0.24359995871915843,0.24472872534561838
0.27764988532770246,0.2367177349346131,0.24338910613252615,0.24224327360515832
0.2756986498452017,0.23602210687189198,0.2424454591552612,0.24583378412764512
0.2726525013518324,0.23671840856716664,0.24478429213264882,0.24584479794835232
0.27951131662644774,0.23749644431774417,0.23975174585498163,0.24324049320082652
0.2770073528433518,0.23922031470397842,0.24350044263600681,0.24027188981666295
0.28213247671764746,0.23804306108610704,0.23804306108610704,0.24178140111013846
0.2975245168782451,0.23161576576647566,0.23465279802532027,0.23620691932995894
0.27674475321150177,0.236556768812882,0.24280714645719548,0.2438913315184207
0.2732729953109675,0.23873672287667502,0.2425221330043453,0.24546814880801218
0.2758559898606317,0.23888193831108942,0.24317745512631206,0.2420846167019668
0.2786104875763815,0.23568762960377534,0.24227824510151139,0.24342363771833164
0.2743844896185404,0.24028010859402468,0.24028010859402468,0.24505529319341032
0.27177357904711646,0.24057506661335437,0.24241204587147203,0.2452393084680571
0.2708449833719829,0.23839472742621434,0.24392997263665483,0.24683031656514795
0.2713315114600054,0.239888682672888,0.24592386648379191,0.24285593938331465
0.2747615658921159,0.23517411118581164,0.24776010738981202,0.24230421553226045
0.2747790669450156,0.23946298927419593,0.243375988881537,0.24238195489925152
0.27131618139611535,0.2401244757755948,0.24193452880898733,0.24662481401930256
0.27338885246334615,0.23884491999647908,0.2443539174413818,0.2434123100987929
0.2729572650518979,0.23958117593299452,0.24325917405477224,0.2442023849603354
0.29220490959408174,0.23441345127286498,0.2374578719623023,0.23592376717075095
0.2747753173023209,0.24406244781755557,0.24009293435927706,0.24106930052084632
0.277085505125476,0.23573177212097965,0.2398003080843635,0.24738241466918098
0.27223713246250936,0.23923615122736933,0.24285663933292936,0.24567007697719193
0.2980952712076016,0.2313397303782492,0.23447874984085737,0.23608624857329188
0.2733079787570634,0.2395686890280926,0.24310826228316626,0.24401506993167765
0.27238789207375824,0.23791280729406905,0.24151488934169177,0.24818441129048097
0.2732864212831067,0.2385864411505553,0.2445766303537281,0.24355050721260996
0.2884697708371264,0.23405340213958828,0.2394239199429504,0.23805290708033497
0.2787208011239573,0.23857768121463532,0.23857768121463532,0.24412383644677207
0.27518065122659807,0.2378474594537426,0.2440144769997994,0.24295741231985993
0.27539637198491146,0.23848877350019593,0.24461437135958788,0.24150048315530478
0.2720504007149475,0.24105916783537437,0.2429619323055834,0.24392849914409473
0.2707670285889458,0.23533519339781014,0.25331818713870174,0.24057959087454237
0.2746605593319358,0.23897553712757505,0.2408079017731847,0.24555600176730444
0.290537098853585,0.2359765425048103,0.2359765425048103,0.23750981613679442
0.27584711913917315,0.23898809103085514,0.2410172581639298,0.24414753166604194
0.28914648348141075,0.232738998729348,0.23833201540565965,0.2397825023835816
0.2730231250604923,0.2419191742679044,0.23802748426309261,0.24703021640851078
0.27181169051762855,0.2411978750038394,0.24488479883117684,0.2421056356473552
0.2739627845600992,0.23857027713472467,0.2422879339052678,0.24517900439990833
0.27276905758074327,0.24027902664096415,0.24208607840097987,0.2448658373773128
0.27360172383740755,0.242453218576099,0.24049858388949308,0.24344647369700037
0.27294550798839723,0.23885754970810583,0.2445887873952002,0.24360815490829676
0.271797938016662,0.23863424562959476,0.24234939284717918,0.247218423506564
0.2767982859096229,0.24003604057413438,0.24003604057413438,0.24312963294210843
0.2717207507734117,0.24059309728108833,0.24242971946092273,0.24525643248457726
0.28862135767983427,0.23666254104929627,0.23666254104929627,0.2380535602215732
0.2753123613372348,0.23985860115060742,0.23985860115060742,0.2449704363615504
0.2758375971454429,0.24314231334454176,0.23894516266807117,0.2420749268419442
0.2730570821752268,0.2383609665034416,0.24194613074197682,0.24663582057935482
0.27572917925247437,0.24033148569430293,0.24252007103029097,0.24141926402293176
0.2732030879923954,0.2395321233632436,0.24131897672335112,0.24594581192100995
0.27299849667194104,0.24127817658960096,0.23929826929158646,0.24642505744687151
0.27457914330858596,0.23883599416950538,0.24481040586520222,0.24177445665670647
0.27363426816052877,0.23990141627256842,0.24371658670862215,0.24274772885828066
0.27575333590709866,0.23700355556779387,0.24309381965373353,0.24414928887137388
0.2933150138262439,0.23102404200187657,0.23704760914669454,0.23861333502518497
0.2734640546650955,0.2357556651971381,0.2416750742518371,0.24910520588592933
0.2741702984927531,0.23956975282507695,0.24364840157417422,0.24261154710799582
0.27279327524319186,0.23665946036724128,0.2468655926931889,0.243681671696378
0.27351889136025426,0.24057366275728742,0.24057366275728742,0.24533378312517087
0.27400346190584335,0.23855620694045743,0.24227441569987765,0.24516591545382163
0.2724493768305386,0.2415656807475874,0.2415656807475874,0.24441926167428651
0.2788364660892725,0.23772783235889386,0.23997768870889435,0.24345801284293933
0.27858421292758806,0.23732986019999505,0.24150594267766676,0.24257998419475002
0.2764215552673204,0.23784867022567405,0.24229227921346141,0.24343749529354416
0.28252343342019276,0.2338073791033264,0.24119020445814995,0.24247898301833085
0.27814044381665676,0.23797652676294964,0.24251996711438015,0.24136306230601345
0.27566567841215167,0.2410690125139926,0.23899539807978776,0.24426991099406795
0.27027214254750365,0.2384974438454911,0.24413639122813835,0.24709402237886693
0.2758556510656104,0.24039775243614395,0.24039775243614395,0.2433488440621017
0.27473553796113626,0.23753794660567093,0.24537160891588997,0.24235490651730288
0.2757591598816156,0.23969252201812818,0.24175081317588978,0.24279750492436644
0.2732499602283838,0.23812833605655304,0.24186333065163826,0.24675837306342477
0.28870782305989023,0.23483858304054747,0.23753758295738903,0.2389160109421734
0.2729825124233906,0.23670069039847796,0.24256277085698705,0.2477540263211445
0.29259336597421365,0.2333762939769919,0.23627421722991174,0.23775612281888273
0.27017627233955216,0.24357220523191636,0.2417586659045425,0.24449285652398897
0.2821541785332925,0.23471178529912087,0.24221329179293824,0.2409207443746484
0.2740138938004752,0.24043832956023425,0.24043832956023425,0.24510944707905627
0.2732554303440358,0.23805403375854137,0.2458454930711388,0.24284504282628402
0.27095268251664306,0.23968690689831804,0.24514681362905735,0.24421359695598166
0.2739001169353631,0.2390540478269271,0.2409981594184023,0.24604767581930745
0.2772394107461423,0.23835373962927675,0.23835373962927675,0.2460531099953042
0.27271499414778283,0.23825029679408202,0.24401837260680925,0.2450163364513258
0.27263735762991476,0.23973944362619126,0.24519628728613288,0.24242691145776116
0.27416062829218657,0.23898784338105505,0.24292064951741146,0.2439308788093469
0.2717443864677033,0.2404553103513912,0.2404553103513912,0.2473449928295143
0.2757619945946992,0.23753226116516088,0.24606559030852285,0.24064015393161708
0.27091327871545473,0.23669301859753022,0.24882382964951288,0.2435698730375022
0.27587376663816116,0.23965360447257963,0.24171275106547427,0.24275987782378497
0.29490944354067533,0.2303220399635633,0.23657107208696046,0.23819744440880108
0.27186735030018644,0.24111420637531447,0.24495837474598467,0.24206006857851428
0.27462540695482063,0.23664394374265507,0.24275694359145353,0.24597370571107077
0.27284210792495095,0.24147793055772418,0.24329702955139368,0.2423829319659312
0.3080920193382954,0.22773507125198497,0.23119825584129686,0.23297465356842276
0.2741342322114794,0.23958695285445716,0.23958695285445716,0.24669186207960636
0.27238789207375824,0.23791280729406905,0.24151488934169177,0.24818441129048097
0.2928606441103895,0.23328498523836802,0.23618555568570818,0.23766881496553435
0.2774077931138952,0.2392071611502905,0.24118898672927502,0.24219605900653918
0.2710313349899975,0.24206273159867275,0.24206273159867275,0.24484320181265695
0.27237932249357216,0.23972253519033324,0.24346849671727575,0.244429645598819
0.27358387513934884,0.23936595525536877,0.24305239671615889,0.2439977728891235
0.27422011610473734,0.23762613464175866,0.24561623682206946,0.24253751243143448
0.274390051420832,0.23890889317725197,0.24284499036489385,0.2438560650370221
0.275568862627707,0.23843759318527072,0.2424775793049767,0.24351596488204552
0.27189599374376405,0.23812814234451915,0.24546292096207148,0.24451294294964535
0.2720001462902881,0.2371690164468331,0.2428869521981576,0.2479438850647211
0.27227333305729184,0.2399048458544302,0.2416513267204025,0.2461704943678754
0.27683129533969386,0.23852081545912873,0.24506768275003163,0.23958020645114578
0.29433794358570237,0.22972355310170636,0.23875097698164174,0.23718752633094944
0.27081544565028465,0.24276407487437132,0.24276407487437132,0.24365640460097274
0.2757125569132306,0.2376956811001274,0.23966780326131432,0.2469239587253277
0.29091768164875575,0.23401868250006394,0.23681684142297468,0.2382467944282056
0.27105376719726865,0.24082074354703745,0.24265285743361112,0.2454726318220827
0.2746023028800585,0.2407614437059393,0.23881234807922624,0.24582390533477605
0.27362700177707483,0.2411350806534914,0.23927230151193332,0.24596561605750047
0.2711572604338934,0.24132722196168352,0.23950514188256666,0.24801037572185644
0.2759085545883319,0.23750862249978721,0.2438338523578215,0.2427489705540593
0.2724892903784188,0.23849907487896974,0.24402823627627057,0.2449833984663409
0.27375233642810487,0.239853981702565,0.2417426481406977,0.24465103372863237
0.2720281469540091,0.23715911694958722,0.24287764132558096,0.24793509477082273
0.27388250525389474,0.23906010995192362,0.2410040965377052,0.24605328825647654
0.2732644117142916,0.23998042755368276,0.24387185766743402,0.24288330306459158
0.27829192644161244,0.238792526509884,0.24091731035299166,0.2419982366955119
0.2912897920530401,0.2328967560844466,0.2386408201975276,0.2371726316649857
0.2776725479517075,0.2374165381696072,0.2418802574643879,0.2430306564142973
0.27498550312965014,0.2393849940325882,0.24132228125802027,0.24430722157974138
0.27528792411852127,0.23864018349152402,0.24055337363359638,0.24551851875635844
0.278833597475103,0.23920031713103396,0.23698511955456802,0.24498096583929505
0.27519256831645583,0.24262370168120043,0.24058502844494944,0.2415987015573943
0.27846228221247105,0.24315128630309887,0.23863943118186162,0.23974700030256846
0.27548214482600075,0.2411394018942499,0.23911291955949043,0.24426553372025891
0.27944176050236885,0.23905230626448704,0.2413244721391836,0.24018146109396063
0.2729725233751567,0.23957593518322529,0.24325413890526162,0.24419740253635633
0.27322944443298985,0.2405515491746789,0.24259095830893207,0.24362804808339913
0.2836373224104244,0.23587861716809685,0.2408796717911201,0.23960438863035863
0.272920522445882,0.2397343285337097,0.24145188738036652,0.2458932616400418
0.27636052456964166,0.24155883610516216,0.24155883610516216,0.24052180322003403
0.2735423240215138,0.2431831443794075,0.2431831443794075,0.24009138721967116
0.2794544330049028,0.23744885094341914,0.23975965997438373,0.24333705607729436
0.2906840808974416,0.2320768396692631,0.23786779558795101,0.2393712838453443
0.27063507125235714,0.24037877580111766,0.24402548322091863,0.24496066972560662
0.275274273141835,0.23870604144529914,0.24058003476790968,0.24543965064495618
0.2743672464123275,0.2368568515734412,0.2449111772437869,0.24386472477044438
0.2753726978247723,0.2404930849648591,0.2404930849648591,0.2436411322455094
0.2722592233280316,0.24168594360292947,0.24168594360292947,0.24436888946610946
0.28235276862888187,0.23630801736054804,0.23876475323064872,0.2425744607799214
0.27535690797686935,0.23863899022839485,0.24250571018492242,0.24349839160981335
0.2771004519797056,0.23565276351994455,0.24196152693669484,0.24528525756365502
0.27319064849771063,0.2406511539217229,0.2406511539217229,0.2455070436588436
0.2694403787356787,0.23648726007988405,0.2494621736390776,0.2446101875453596
0.29507785196822006,0.23337375101673297,0.23337375101673297,0.23817464599831398
0.2729314697714627,0.2403120579192064,0.24382356933215252,0.24293290297717832
0.2712315984587309,0.23719234117301305,0.24248863474218407,0.24908742562607192
0.2724884171673671,0.241578525660643,0.24343234923521406,0.24250070793677583
0.27311156549615584,0.24260953420355372,0.24260953420355372,0.24166936609673664
0.27469004063373914,0.24274605993121448,0.238805659429035,0.24375824000601135
0.2762576325856573,0.23957495396441134,0.23957495396441134,0.24459245948552008
0.27607064080647614,0.2381701407003259,0.24021690021947842,0.2455423182737195
0.27577941724786853,0.23968564313072568,0.24174408549128998,0.2427908541301158
0.27448601459164806,0.24359187146907368,0.24148001872228622,0.240442095216992
0.2752657262180587,0.2379789875681574,0.24388302810440662,0.2428722581093772
0.2749580491622453,0.23792470090421292,0.2440867297607288,0.24303052017281293
0.272793234327288,0.24207691103129125,0.24207691103129125,0.24305294361012944
0.2745019391618955,0.23893301121702373,0.24278772521007885,0.2437773244110019
0.2759980175024583,0.23444987053274916,0.24535112748719465,0.24420098447759778
0.27325393295740363,0.24069596819455819,0.24069596819455819,0.24535413065347997
0.27833306972354516,0.24018377548848194,0.24018377548848194,0.24129937929949088
0.3021106955521527,0.22987847144007253,0.23316359403413645,0.23484723897363824
0.2726956125730796,0.23709706021822055,0.24072993635197218,0.24947739085672763
0.2927346740992956,0.23227982499861943,0.23520953673756284,0.23977596416452215
0.27512925770183655,0.23843978753484837,0.24484464560527366,0.24158630915804138
0.27202448389349687,0.23977758467980229,0.24557026175201302,0.24262766967468788
0.27703276130852955,0.23929804304112112,0.24132054376032355,0.24234865189002577
0.2778974262576324,0.24033829167285517,0.24033829167285517,0.24142599039665721
0.2746588144165094,0.23818137231202183,0.24206677849912753,0.24509303477234126
0.27543899410106465,0.23983902729621168,0.24184989258533676,0.24287208601738697
0.2747830565645749,0.23863978443775877,0.24275888614715335,0.24381827285051297
0.27247302485349106,0.23963074823427233,0.2434569710465394,0.24443925586569717
0.28407582714579943,0.2366439347867151,0.2390316958826656,0.24024854218481984
0.27294717190438367,0.23841979692525014,0.2438479930392642,0.244785038131102
0.27630844315840714,0.23877543199853757,0.24085388144253872,0.24406224340051672
0.2774519104922262,0.23654821148881344,0.24601440529044397,0.23998547272851636
0.29245725923816374,0.23342279136194352,0.2363193665772072,0.23780058282268546
0.27648945212697923,0.2393962710432879,0.24366839672808563,0.24044588010164722
0.29070793225424696,0.23409028759384878,0.23688642906585564,0.23831535108604865
0.28486630136778546,0.23375095712107508,0.23873327182572812,0.24264946968541135
0.276557955041576,0.23713503598606492,0.23924954249279629,0.24705746647956292
0.275045954955649,0.24000854737904834,0.2419734997792988,0.24297199788600396
0.2768145629100977,0.2400151457686165,0.2421124515127475,0.24105783980853834
0.2731167320252395,0.241969773645038,0.24016041859694992,0.24475307573277252
0.2905809254654363,0.2321127726908273,0.23790167356557312,0.2394046282781633
0.27094271915529167,0.24268157957487732,0.24467416913679962,0.2417015321330314
0.2721711178172758,0.23751706064849895,0.24568711933779933,0.24462470219642596
0.27396413023908744,0.23688584096393658,0.2451097224718899,0.24404030632508603
0.27501464777973783,0.23928099356565855,0.24337220313619454,0.24233215551840911
0.27248382968708323,0.24095704527065046,0.24095704527065046,0.24560207977161577
0.27594496316956724,0.23693661381513406,0.24303111016405124,0.2440873128512474
0.27579940091308636,0.2354614190762423,0.24601763209976865,0.24272154791090272
0.2760412857233147,0.23897410725053456,0.240960839776961,0.24402376724918984
0.27301650789020954,0.23703676427374062,0.2425440573506178,0.24740267048543205
0.27428929304304933,0.24158990795777283,0.24158990795777283,0.24253089104140502
0.27539637198491146,0.23848877350019593,0.24461437135958788,0.24150048315530478
0.27308843475276134,0.23998348065491185,0.24194896083477901,0.24497912375754774
0.27412951946635516,0.2384766549849898,0.24031870758471838,0.24707511796393666
0.27238789207375824,0.23791280729406905,0.24151488934169177,0.24818441129048097
0.2764235662492554,0.23789842515444726,0.2400433037288986,0.24563470486739872
0.2738484555864154,0.2383011295456757,0.24234692531720534,0.24550348955070359
0.27844783303691856,0.23571411651988614,0.2400549418478621,0.24578310859533312
0.2898682666887737,0.23129692225471307,0.2401872599422827,0.23864755111423056
0.27645339818768727,0.2381988442439933,0.24216453992970058,0.24318321763861891
0.2755990485870832,0.2390729361306266,0.24110027842459272,0.2442277368576975
0.27200487325078765,0.24168120599928855,0.24365244991073412,0.24266147083918968
0.2758409873878851,0.23964018339481263,0.23964018339481263,0.2448786458224896
0.27199692435704087,0.24108981415415653,0.24108981415415653,0.2458234473346461
0.2732767167816916,0.2401123709285079,0.24376952969842458,0.24284138259137591
0.2744585029276913,0.23843387051328194,0.24024164489131475,0.246865981667712
0.2737006219666742,0.23753051414686296,0.23954764151111352,0.24922122237534927
0.28175177692296355,0.2358339592723948,0.24059292992703518,0.24182133387760651
0.2737115635377244,0.23978295969313504,0.23978295969313504,0.24672251707600548
0.27289144452184977,0.2402792933353423,0.2420519135829383,0.24477734855986966
0.2767199647975019,0.23997061458771365,0.2422206492988097,0.2410887713159748
0.2696127728838851,0.2370073212037497,0.24620317702831918,0.24717672888404604
0.2873095707594975,0.23349667746694322,0.23889731112282517,0.2402964406507341
0.27335099530063733,0.2387097222774024,0.24249621287023357,0.24544306955172668
0.2736911430445303,0.24054774712397686,0.24054774712397686,0.24521336270751595
0.2748920531596806,0.23662012453711745,0.2405692822402099,0.247918540062992
0.27596486104604456,0.23564497357983719,0.24157109758247705,0.24681906779164117
0.27160319743032096,0.23840192841669985,0.24864098566340134,0.2413538884895778
0.27161513449939156,0.2412709719904094,0.2430941695793728,0.24401972393082624
0.27355189219300496,0.23912399927577024,0.24520857066344967,0.2421155378677751
0.2746202334614253,0.24018753091983447,0.2421082692155976,0.24308396640314256
0.27691920659961944,0.23715761693970425,0.24350601609122932,0.24241716036944702
0.2734728078813363,0.23747360275785032,0.2430625526847238,0.24599103667608957
0.2747368607643721,0.23858414286157092,0.24279734697476343,0.2438816493992935
0.27302960608443305,0.2463760278341333,0.23976247486008673,0.240831891221347
0.2810074302661116,0.23639390651630018,0.23852470357213026,0.24407395964545797
0.2766291658252394,0.2341915085693436,0.24747399451017307,0.24170533109524392
0.27456880724262184,0.237213393220166,0.24355811067214325,0.24465968886506895
0.2779347930436291,0.23957852174427938,0.23957852174427938,0.242908163467812
0.27003099231055244,0.2390882057290619,0.24695624710786415,0.2439245548525216
0.28679031362625357,0.23461779755300116,0.23725068632151258,0.24134120249923263
0.27539076331901063,0.23924653756364056,0.2411866798682637,0.24417601924908516
0.27324358683488315,0.23741539547193244,0.24117835949411023,0.24816265819907424
0.27784932761327535,0.2376273875695812,0.23964247526492122,0.24488080955222224
0.2759121153075349,0.23651818947162348,0.24320333941620406,0.24436635580463759
0.2738956372389662,0.23920141107469592,0.2429682260814363,0.24393472560490148
0.2722071978712125,0.23840389907245632,0.24220262759063912,0.24718627546569208
0.2750507715074368,0.23780653575516755,0.24411210085448098,0.24303059188291468
0.27721526213516234,0.23977611474195323,0.23762509308944887,0.24538353003343558
0.2741185405843393,0.2436726215761016,0.24161118649634464,0.2405976513432144
0.2711438261763257,0.23894597040409823,0.2425776235222081,0.24733257989736798
0.2763619837223928,0.23829334795563573,0.2421741817634249,0.24317048655854656
0.27458223741026194,0.2382910216276374,0.24405662692684346,0.2430701140352571
0.2929457479908765,0.23128901365894425,0.23712502610222888,0.23864021224795032
0.2775340719618521,0.23684363522487237,0.24113423434162606,0.24448805847164945
0.27517182748515423,0.2385661050354261,0.24468670838709405,0.2415753590923256
0.27426669793463704,0.23839274121140272,0.24219191622634714,0.24514864462761318
0.2868566068910424,0.23363957523499188,0.24184806662755223,0.2376557512464136
0.27229396598433125,0.24153910428939762,0.24360215940090427,0.24256477032536683
0.28806925737869354,0.2350564343154052,0.23774946456816848,0.23912484373773282
0.2761478682806321,0.23966938712090058,0.241600809941479,0.24258193465698832
0.2946653785651746,0.23259324687490393,0.2356010939916958,0.2371402805682257
0.27770339638667424,0.23903230865005554,0.24110511176386126,0.24215918319940902
0.2715091765405619,0.2394260796043923,0.24500981025199997,0.24405493360304598
0.27365077455367204,0.23674492962191532,0.2431205695772144,0.2464837262471982
0.2738471448088051,0.23961773418748564,0.24167766923457665,0.24485745176913262
0.2732177903914128,0.23910802847235899,0.24329793700910143,0.24437624412712675
0.27692829278066494,0.2406369615964268,0.23850573211230178,0.24392901351060647
0.29822572934466957,0.23129509399277257,0.23443548721293703,0.2360436894496208
0.27399435723516397,0.23825909565688871,0.24439952740984072,0.2433470196981066
0.2733253255124805,0.24005225580467773,0.24378502311940886,0.2428373955634329
0.2722432771095611,0.23926748594164574,0.2410258811275696,0.2474633558212237
0.27320170540852357,0.23778673524698887,0.24611162155871535,0.24289993778577235
0.27485616082654934,0.24010038291663224,0.24398681267278577,0.24105664358403267
0.30236690649490966,0.2297907345009681,0.23307864310813678,0.23476371589598544
0.276258915121568,0.23824212481594975,0.24020297888620543,0.2452959811762768
0.2747120494378691,0.23831110824857918,0.2420389324936946,0.24493790981985705
0.2717436101121468,0.2411959875820537,0.24305753999532267,0.24400286231047685
0.2790056671759598,0.2361849035347391,0.2383682931307768,0.24644113615852414
0.27295130974859777,0.24087755959410628,0.24263878325017588,0.24353234740712007
0.2929161199336553,0.22889522473656762,0.23826760610199316,0.23992104922778398
0.2736316208776853,0.23994090364467627,0.24179044182892448,0.24463703364871395
0.2743932211396075,0.23764154615242802,0.241470781244265,0.24649445146369955
0.27428176044991687,0.24028098519790808,0.24028098519790808,0.24515626915426691
0.2771748591233211,0.23718844576854073,0.23917102751353173,0.2464656675946064
0.2742031764555253,0.2390885622199023,0.24480578586484755,0.24190247545972485
0.27274175731157035,0.242113813441845,0.242113813441845,0.24303061580473972
0.27709323052286244,0.23850686312916566,0.24059121590656718,0.2438086904414047
0.2752843271993724,0.2372381526278413,0.24116207396016712,0.24631544621261914
0.27745458903154224,0.2374918280074173,0.2419520435080902,0.24310153945295018
0.27929761495047184,0.23682478286874986,0.23904366683880743,0.24483393534197087
0.30072312622548675,0.2292896954374117,0.23249180806853112,0.2374953702685704
0.2772207202158755,0.23987003533381077,0.23987003533381077,0.24303920911650298
0.2749593261552484,0.23848032731051763,0.24056526336395148,0.2459950831702825
0.2709128445421431,0.24217291313598185,0.24217291313598185,0.24474132918589322
0.2743782909783589,0.23839057290472968,0.240234297160292,0.2469968389566194
0.2732928979658998,0.24121756236046102,0.24121756236046102,0.24427197731317815
0.276631247414903,0.24011488095391878,0.24011488095391878,0.2431389906772594
0.275139432930815,0.23999001273897466,0.23999001273897466,0.2448805415912357
0.2713153666917331,0.2406932009096355,0.24447603985304633,0.24351539254558505
0.2725298097070658,0.2414593664806006,0.24554471827212443,0.24046610554020917
0.27432302882321435,0.2366318318491396,0.24287736149821712,0.24616777782942892
0.2722585575777016,0.24170345650899241,0.24170345650899241,0.24433452940431347
0.2733077858445893,0.2418823418804995,0.2418823418804995,0.24292753039441164
0.2750248320263384,0.23557750401891975,0.24189112811971125,0.24750653583503054
0.27199923421529776,0.24234934252830295,0.24234934252830295,0.24330208072809636
0.28184452170117846,0.23418321585052504,0.24136043610159152,0.24261182634670497
0.27272859592950927,0.23841578953424972,0.24394980675180467,0.24490580778443635
0.27376527852941757,0.2386026927990262,0.2404422978295688,0.24718973084198745
0.2876376855506144,0.23433977311618145,0.23969479976831423,0.23832774156488992
0.2711157302708472,0.23913307907996048,0.24441961548705635,0.24533157516213602
0.2744032835561173,0.23876207626018073,0.24500456771929954,0.24183007246440244
0.2746435289062125,0.23833480933266096,0.24206170375871774,0.24495995800240875
0.2782431680477576,0.23499192563276894,0.241629497803436,0.24513540851603752
0.27602449397344175,0.2389405352330165,0.2389405352330165,0.2460944355605252
0.278880004285639,0.23715528656046816,0.24143202750405465,0.24253268164983818
0.27396959348277933,0.2392266249026976,0.24482221513821187,0.24198156647631122
0.2898186441303937,0.23530966610791318,0.23815153764010558,0.23672015212158756
0.2733603642748584,0.2406148538626478,0.24252678042970552,0.24349800143278832
0.27773342549080665,0.2382964339549948,0.24252243159542017,0.2414477089587784
0.27360596083481337,0.2398065746516953,0.24177577958562516,0.24481168492786623
0.27415856814113865,0.2442628215057762,0.24030221785104092,0.24127639250204416
0.29645316846325553,0.22978281985934101,0.23606456299570225,0.23769944868170131
0.28675699191470605,0.23562380478890743,0.23816214845295955,0.23945705484342703
0.27291562401333386,0.2396308208898965,0.24141579412492686,0.24603776097184282
0.29077164939710215,0.2309789228736794,0.23989696755184134,0.23835246017737707
0.2901482998314219,0.23428133716619812,0.2370720958768389,0.23849826712554115
0.27432845237202724,0.24290853364270062,0.24087626192397496,0.24188675206129714
0.2803931128828447,0.23705597551659566,0.23943356119683826,0.24311735040372143
0.27280405897821774,0.243309585481828,0.24149074016894564,0.2423956153710086
0.2764688635427372,0.24449944857838027,0.24005504272300357,0.238976645155879
0.27205240492158794,0.23583005156573267,0.24348964853565047,0.24862789497702895
0.2726360084341531,0.2395672667135581,0.24537296601132386,0.2424237588409649
0.2739042744187048,0.23924906156086714,0.24484331771141057,0.24200334630901746
0.2759930927367516,0.2390888213038341,0.24099294712138766,0.2439251388380267
0.2786882702676468,0.23469576500229608,0.24150675456611567,0.24510921016394147
0.2735360173988383,0.23966733728420295,0.2417724599475354,0.24502418536942336
0.27559961420929846,0.24251282312141056,0.24042472252480582,0.24146284014448516
0.2722785672113715,0.23872904669370543,0.24403825747611496,0.24495412861880808
0.27710761090716907,0.23797371337842368,0.2419487936785947,0.24296988203581252
0.27378348418506593,0.23909419403966956,0.24103747778527038,0.24608484398999417
0.27641597818890795,0.24017270193283533,0.2422204383969896,0.24119088148126713
0.27516884663446345,0.23776552754894917,0.2440737995317809,0.2429918262848065
0.28031141542608246,0.24024588489430207,0.23534323519423675,0.24409946448537875
0.2729656049425195,0.23925228592299175,0.23925228592299175,0.24852982321149705
0.2773806763395668,0.2384084938109344,0.24049500881541477,0.24371582103408398
0.2750269324410692,0.24063309081450193,0.24063309081450193,0.24370688592992693
0.2738175845066205,0.23715797062560504,0.24502270545001817,0.24400173941775619
0.2743797466808003,0.24088099165236007,0.24286944648629172,0.24186981518054798
0.27561081682359256,0.23714903502087406,0.24310446360286994,0.24413568455266352
0.2731258793605218,0.241972578511882,0.24385650774936263,0.24104503437823357
0.2725409901650589,0.24154157134679985,0.24343438828449104,0.24248305020365024
0.27332019304263516,0.24013309314181056,0.24190849841005976,0.2446382154054945
0.27399681293273503,0.24041158310200647,0.24041158310200647,0.24518002086325205
0.2750322217014991,0.23854000032451314,0.23854000032451314,0.24788777764947476
0.2723096331264976,0.23827654724835826,0.24215806709110987,0.24725575253403428
0.2745827719889213,0.2388827407213164,0.24079103021216208,0.24574345707760034
0.27329762775116756,0.23996908025257832,0.2438609833803066,0.24287230861594755
0.27313563509135136,0.2432189700373211,0.23946260714118625,0.24418278773014127
0.2747904011305013,0.23876328907687527,0.2447422974115843,0.24170401238103914
0.27149291032443473,0.24370732790468289,0.24196685462580092,0.24283290714508146
0.28051703079003343,0.23643396470398007,0.24094341042372702,0.2421055940822595
0.24950242152846067,0.20631316842141897,0.21085107671678704,0.3333333333333333
0.29253821087461207,0.22900928501293524,0.2417044716037868,0.23674803250866586
0.2714571435143836,0.24120417981163308,0.24120417981163308,0.24613449686235025
0.2718727739800693,0.23920654073450373,0.24690375385458327,0.24201693143084368
0.2753185478725312,0.2385658090602093,0.2405199885116676,0.24559565455559196
0.29243463722542284,0.23343051959395703,0.23632687075473294,0.23780797242588717
0.27542275762479934,0.23791671415957136,0.24181292731704282,0.2448476008985864
0.2998870874503731,0.228425226401375,0.2349886062941823,0.23669907985406957
0.2749947535712814,0.24059597904669217,0.24059597904669217,0.2438132883353343
0.29054449598057897,0.2340020926303118,0.2369678751351663,0.2384855362539429
0.27252475303880724,0.238308807915343,0.24607943308573452,0.2430870059601152
0.2744861838538191,0.24089930105026425,0.24089930105026425,0.24371521404565236
0.276941008830795,0.2362626305227442,0.24510642588818676,0.24168993475827405
0.2748216325594276,0.23949599288468434,0.24332771825584157,0.24235465630004646
0.2802558608451832,0.23399419871940233,0.24101545127479082,0.2447344891606236
0.2761486018554133,0.23666034509682823,0.24304156833601043,0.24414948471174802
0.2733835645961742,0.24001192707218963,0.24567313611490238,0.2409313722167338
0.2934959814411873,0.23212035517063226,0.2349719988665437,0.23941166452163665
0.2714708332238031,0.23912622345540765,0.24313689259282734,0.2462660507279618
0.27233693323374164,0.23797374607048874,0.2453204196538263,0.2443689010419433
0.2733539351356853,0.23885698809237588,0.24436528192604087,0.24342379484589796
0.2722260227934403,0.24042742829178618,0.2441451825767114,0.24320136633806202
0.2871647717435392,0.23458680263040654,0.23978769022942303,0.23846073539663118
0.2739153337477452,0.2379190618520419,0.24359239986091455,0.24457320453929834
0.2768029161007112,0.2373590044058728,0.2413597089433078,0.24447837055010815
0.2711372570365174,0.2414329457616643,0.243252935631589,0.24417686157022941
0.2761739400584317,0.2402542761790345,0.2423002195836531,0.2412715641788807
0.2760601393901856,0.23812778044185204,0.24236127758355797,0.24345080258440452
0.2730642980725268,0.2419996404464775,0.2419996404464775,0.24293642103451826
0.27628666381189143,0.23823257342646262,0.24019362445373713,0.24528713830790883
0.27624846489987603,0.24010239858209448,0.2379588786875044,0.2456902578305251
0.27579058507123716,0.23982382088824036,0.24171309669856889,0.2426724973419536
0.28408009021829517,0.23571445518719558,0.23818622038719628,0.24201923420731297
0.2710846203413213,0.23728038574253574,0.24440558381137342,0.2472294101047695
0.27439919374162536,0.236903991895661,0.24076274120941135,0.24793407315330232
0.27468558890940314,0.24276879689365746,0.23874176003653444,0.24380385416040504
0.2764532496718759,0.2357658838214162,0.2444565502359007,0.2433243162708071
0.28816336677673443,0.23502432821740618,0.2377182382567121,0.23909406674914732
0.27760528167023435,0.23899989961485021,0.23899989961485021,0.24439491910006517
0.27257970473922855,0.23911774311156486,0.24274278709398836,0.24555976505521826
0.27658587015721275,0.23595370902454882,0.2421103476298363,0.24535007318840218
0.2763049046707235,0.2381593681924816,0.24016325504132444,0.2453724720954705
0.28050322131908173,0.2372907548299418,0.24165863643551788,0.24054738741545856
0.2749275760286224,0.238576067778921,0.238576067778921,0.2479202884135355
0.29667192462779207,0.2319072496776248,0.2349355789556347,0.23648524673894844
0.2786872972834693,0.23634660219709655,0.24075742253861787,0.24420867798081639
0.27486092341947505,0.2375670487059798,0.2413240632084297,0.24624796466611545
0.2734369470373037,0.2406014528977222,0.2406014528977222,0.24536014716725185
0.2732165640111514,0.24128685906672032,0.24128685906672032,0.2442097178554079
0.2753725123111039,0.2405390461175737,0.2405390461175737,0.2435493954537488
0.2822643485869911,0.2371188632976897,0.2371188632976897,0.24349792481762952
0.2754972387437519,0.23796677526684096,0.24178299587985494,0.2447529901095523
0.27235842895693113,0.2396478670838412,0.2415406978829371,0.24645300607629048
0.27199508157641755,0.24114219115070834,0.2429679391078463,0.24389478816502777
0.2747777836568562,0.24276042399139006,0.24072482355027122,0.24173696880148254
0.2776922638287323,0.23818362477403757,0.24037126682297036,0.24375284457425983
0.2864340193227208,0.2317924415135684,0.24015302047452255,0.2416205186891883
0.28028467750078306,0.23878584310148018,0.23878584310148018,0.24214363629625665
0.2757881791167854,0.23911076111801746,0.24105370323768338,0.24404735652751375
0.27465074966505415,0.2366441205540829,0.24488861306974471,0.24381651671111826
0.2742811754690409,0.23936183645094358,0.24373502660056587,0.24262196147944967
0.2742116281634583,0.24091541771498257,0.2449355310029748,0.23993742311858432
0.27274828710067095,0.24273010404776688,0.24082245844738673,0.2436991504041753
0.2792530043952119,0.2369991326420184,0.2391166264002209,0.2446312365625488
0.2717893877029544,0.24177511888910744,0.2399619089171692,0.24647358449076892
0.2707900070860863,0.2396750265929325,0.24897216323002125,0.24056280309095998
0.2764126335791211,0.23814702962817516,0.24219938587888737,0.24324095091381634
0.2730726921622188,0.237613854307285,0.2431946270894674,0.24611882644102864
0.27406788796351106,0.24033298864961208,0.24429228230245556,0.24130684108442127
0.2777228297820961,0.23824274379892887,0.2425673302829959,0.24146709613597914
0.2720273699352661,0.24360380836616813,0.24171455855821367,0.24265426314035213
0.27106003276168267,0.24264342561267016,0.2407733338601178,0.24552320776552938
0.2765487398103175,0.24364916985947602,0.23937612810199327,0.24042596222821322
0.2725720509153467,0.2440985231829992,0.2402169526541302,0.2431124732475239
0.27633247557891055,0.23876720765612944,0.24084583787698435,0.2440544788879758
0.2761820880641335,0.24024373546862868,0.24024373546862868,0.24333044099860912
0.2747493217874508,0.23514951373005732,0.24122874636796007,0.24887241811453167
0.2754519051197054,0.23984840777169122,0.23984840777169122,0.2448512793369122
0.27390760325952085,0.2391758429577772,0.24104053235886813,0.24587602142383383
0.2859503626230996,0.23418607902860558,0.23927398912687123,0.2405895692214236
0.2760125502568549,0.23771238820099902,0.24161694474241233,0.2446581167997338
0.27430488129455816,0.24092020571543626,0.24092020571543626,0.24385470727456934
0.27688038933398157,0.24001618118541704,0.24206735808612767,0.24103607139447378
0.2766401294684931,0.23588865279009952,0.23995064915886677,0.2475205685825406
0.27307565268735307,0.24456559615999807,0.24070434255340742,0.2416544085992415
0.2728564746907579,0.23826543320199026,0.24199504932838312,0.24688304277886877
0.2754951448443578,0.24114218634405146,0.24114218634405146,0.24222048246753936
0.2811560109136047,0.23699679111470315,0.2392117203435712,0.242635477628121
0.2754490936906634,0.2418329332485284,0.23990639777036515,0.2428115752904431
0.27296341818255093,0.23763712574094573,0.2471365577571969,0.24226289831930647
0.2727848878536039,0.24018434040072434,0.24206633223772991,0.24496443950794186
0.27789299528740385,0.2396433818380007,0.2396433818380007,0.2428202410365947
0.27838397652974667,0.23654815065752735,0.24085188906115332,0.24421598375157264
0.27552284114720366,0.23851121737236966,0.24450616245358262,0.241459779026844
0.27479698064701347,0.23828173075134693,0.2420107075073233,0.2449105810943163
0.2748727014730598,0.24136002506262302,0.23942353253075055,0.24434374093356662
0.28518085293423795,0.23411864534090268,0.23963495405412458,0.24106554767073476
0.2951425105868809,0.22908076077476044,0.23872566532203052,0.23705106331632816
0.28133959921175183,0.23603310287783044,0.23832284080206714,0.24430445710835044
0.2745809641954873,0.24084770968434496,0.24084770968434496,0.24372361643582285
0.2761160228933335,0.23824917139519217,0.24229717917546353,0.24333762653601088
0.2733735942817651,0.23668344064961075,0.24243024876545471,0.24751271630316948
0.2732816205722292,0.24193325411741376,0.24193325411741376,0.24285187119294324
0.27759990008477703,0.238932692905382,0.2434305750634287,0.24003683194641234
0.29976300055049326,0.23076911507212117,0.23392569615133765,0.23554218822604792
0.2771951512889775,0.23691339277183562,0.2390327711529305,0.24685868478625642
0.27370497693050333,0.23982992115271826,0.243727625148746,0.24273747676803245
0.27101480187722454,0.24029645204749175,0.24572082021269948,0.24296792586258428
0.2755808398761552,0.2382659230728554,0.240355571882836,0.24579766516815338
0.27021944407563553,0.23972706183388012,0.24552286712146412,0.24453062696902025
0.2943976752506496,0.23172252993648537,0.2377049728694238,0.23617482194344128
0.2928975214730683,0.23116966477867382,0.23718465822932933,0.23874815551892856
0.27313992171187845,0.24262068974709808,0.24058194881848263,0.2436574397225408
0.27461538204342056,0.23730140163371938,0.24350368668082548,0.24457952964203458
0.2813002989745208,0.23836683360903513,0.24077143908742424,0.23956142832901983
0.27389594393632927,0.23774750153701973,0.2436658749586812,0.24469067956796983
0.2731904658648187,0.23652777983392062,0.24460957801270214,0.2456721762885585
0.27556833162870875,0.23918587164627866,0.24112726492891376,0.24411853179609885
0.2756539548501359,0.23713398045639258,0.2430903411695697,0.2441217235239018
0.274168375787002,0.2436490305180643,0.23957041037177865,0.24261218332315507
0.2726912769043867,0.23752891163629716,0.2474334855984315,0.24234632586088467
0.2751886619220819,0.23995267278979307,0.24392815758875516,0.24093050769936986
0.27159547768583064,0.23831702248207878,0.24364935614258068,0.24643814368950986
0.27257720625282245,0.24150225825989216,0.24150225825989216,0.2444182772273932
0.2782201263589273,0.23579394672479836,0.24013122224991043,0.24585470466636392
0.27427660969276313,0.23771773790479522,0.23957452816142777,0.24843112424101385
