0.05085947905275025,0.04998996164592559,0.049927797439569654,0.04998996164592559,0.04995869881451578,0.049927797439569654,0.04980757126480459,0.049927797439569654,0.04989724526633554,0.04998996164592559,0.050118899696445784,0.04989724526633554,0.050118899696445784,0.04995869881451578,0.04995869881451578,0.04995869881451578,0.04998996164592559,0.049927797439569654,0.04986703071726878,0.049927797439569654
0.05096465387622168,0.05011924145380465,0.049979562207596404,0.049979562207596404,0.050013783212133366,0.04984688041889254,0.049912411916591654,0.04984688041889254,0.04994577719283642,0.049979562207596404,0.05004845753427173,0.04994577719283642,0.049782855997039965,0.050013783212133366,0.050083603680969146,0.04987945111278669,0.05004845753427173,0.049979562207596404,0.04984688041889254,0.049782855997039965
0.05082914509692872,0.04997373141529228,0.0499139970460639,0.0499139970460639,0.05000410781327467,0.04985554773773971,0.050034839527012855,0.04997373141529228,0.05006593932459183,0.04997373141529228,0.04997373141529228,0.04994369828650741,0.04979830395835529,0.04994369828650741,0.05006593932459183,0.049884616928416343,0.05016158707609451,0.04997373141529228,0.04997373141529228,0.04974219405609796
0.050837027414755105,0.04998370232512538,0.04998370232512538,0.05017537525701861,0.04995309001770863,0.04998370232512538,0.0498632834491644,0.04998370232512538,0.04995309001770863,0.050046014032839405,0.0499228236453895,0.0498928917389257,0.04998370232512538,0.05001467270775411,0.04995309001770863,0.0498928917389257,0.0499228236453895,0.04998370232512538,0.0499228236453895,0.04974788872057011
0.05080467223541318,0.04988803479529188,0.049947042642276715,0.049947042642276715,0.04997703840278516,0.049947042642276715,0.04988803479529188,0.049947042642276715,0.04991737835716245,0.05013241165600088,0.050007377005383505,0.04997703840278516,0.050007377005383505,0.04997703840278516,0.05003807048164127,0.050100573846472665,0.049947042642276715,0.04988803479529188,0.04988803479529188,0.04977367181163614
0.051089419739709194,0.04991757036746321,0.049991940919291565,0.049991940919291565,0.04995449737492161,0.049991940919291565,0.04984518410378849,0.04991757036746321,0.0498811390919882,0.05014735238479204,0.049991940919291565,0.0498811390919882,0.04977463129701525,0.05002992330278273,0.05002992330278273,0.04995449737492161,0.04991757036746321,0.05006846848023288,0.04991757036746321,0.04970577930805814
0.050904017714458606,0.04995486901657614,0.04995486901657614,0.04989036072830789,0.05005465749974126,0.049827335984389494,0.04989036072830789,0.05002097082229592,0.04992242286307655,0.05002097082229592,0.04995486901657614,0.04998771332707902,0.04995486901657614,0.0501233877911099,0.04998771332707902,0.04985866929143603,0.04995486901657614,0.04995486901657614,0.049827335984389494,0.04995486901657614
0.050896275732317815,0.049921572053361146,0.05011774243473836,0.04998534585462659,0.05001781620203374,0.049921572053361146,0.049859264904910036,0.04998534585462659,0.049890241453043896,0.04998534585462659,0.04998534585462659,0.04995326913083403,0.049798327646396884,0.04995326913083403,0.05001781620203374,0.05001781620203374,0.04998534585462659,0.05005069502966173,0.049859264904910036,0.049798327646396884
0.05148333957361939,0.04989277191057983,0.04989277191057983,0.049982593410820036,0.049937308326439146,0.049982593410820036,0.049805804080772904,0.04989277191057983,0.049937308326439146,0.049982593410820036,0.04989277191057983,0.04984894821535909,0.05007556940886463,0.049937308326439146,0.05002866623909669,0.049937308326439146,0.04989277191057983,0.049982593410820036,0.04989277191057983,0.04972143406977159
0.05092640115015823,0.050087630317632754,0.049894149862719575,0.04995708767999957,0.049989118671014646,0.050021542724442945,0.049894149862719575,0.049894149862719575,0.050054374675709196,0.04995708767999957,0.04995708767999957,0.04986321747880872,0.049894149862719575,0.04992543579403066,0.049989118671014646,0.04992543579403066,0.050021542724442945,0.050021542724442945,0.049894149862719575,0.04983262692067512
0.05133303807351628,0.04999107095876756,0.049907224508005645,0.04999107095876756,0.04994882014818979,0.04999107095876756,0.04982588263723678,0.049907224508005645,0.04994882014818979,0.04999107095876756,0.049907224508005645,0.04986625447310125,0.049907224508005645,0.04994882014818979,0.050034008909590866,0.04994882014818979,0.049907224508005645,0.04999107095876756,0.049907224508005645,0.04974683347192401
0.050863067223466604,0.050045264767327874,0.04992203868079026,0.04992203868079026,0.05001391435990478,0.04992203868079026,0.050045264767327874,0.04998293500243289,0.05001391435990478,0.04992203868079026,0.04998293500243289,0.04989209810042117,0.04992203868079026,0.05001391435990478,0.04995231382393886,0.04989209810042117,0.04998293500243289,0.04998293500243289,0.04992203868079026,0.04980417804290898
0.05084830556369823,0.0499228612984966,0.0499228612984966,0.050046049973536066,0.04995312725009742,0.0499228612984966,0.049983739131987184,0.0499228612984966,0.049892929808101866,0.049983739131987184,0.050046049973536066,0.04995312725009742,0.0499228612984966,0.050014709084111486,0.050014709084111486,0.050014709084111486,0.049983739131987184,0.0499228612984966,0.0499228612984966,0.04980503644316072
0.05090823532973896,0.04999637625864828,0.049931299726404456,0.04999637625864828,0.05002952478183459,0.049931299726404456,0.049867755050716965,0.049931299726404456,0.049963639566328474,0.04999637625864828,0.049931299726404456,0.05002952478183459,0.049867755050716965,0.049963639566328474,0.05002952478183459,0.04989934264692958,0.04999637625864828,0.049931299726404456,0.049931299726404456,0.049867755050716965
0.05088619522602809,0.04988737368801697,0.04988737368801697,0.04994904909774909,0.049980424795226,0.04994904909774909,0.04982705427876492,0.04988737368801697,0.049980424795226,0.050012176289748696,0.04994904909774909,0.04985705005742533,0.05007686288263796,0.050109828341992235,0.05004431741689483,0.049980424795226,0.050012176289748696,0.04994904909774909,0.04988737368801697,0.04988737368801697
0.05083138326161808,0.049988932433720386,0.049930845351487,0.050048325332976366,0.050140067920595735,0.049930845351487,0.049930845351487,0.04987398156635916,0.04995973103328174,0.049930845351487,0.050048325332976366,0.0499022653640959,0.049988932433720386,0.04995973103328174,0.04995973103328174,0.04995973103328174,0.049988932433720386,0.049988932433720386,0.04987398156635916,0.04976363438106277
0.05171686549765455,0.04997998191837787,0.049883528882319644,0.049883528882319644,0.050029548850267315,0.049883528882319644,0.049883528882319644,0.049883528882319644,0.050029548850267315,0.049883528882319644,0.04997998191837787,0.049836550264519865,0.049883528882319644,0.04993132470339748,0.04993132470339748,0.049836550264519865,0.04997998191837787,0.04997998191837787,0.049883528882319644,0.04970012813390749
0.05094290319731722,0.05002682045942157,0.04989315736597721,0.0500962932056655,0.05006132209516344,0.04989315736597721,0.04989315736597721,0.04982871510017959,0.04992595401711577,0.0499591531263249,0.0499591531263249,0.04999276988365129,0.0499591531263249,0.04992595401711577,0.05006132209516344,0.04999276988365129,0.0500962932056655,0.0499591531263249,0.04982871510017959,0.04970408313647881
0.050987497832951624,0.04997579719739334,0.04997579719739334,0.05004479033325818,0.04994196421878631,0.04997579719739334,0.04984292704325395,0.04990855157458808,0.04994196421878631,0.05004479033325818,0.04997579719739334,0.05001006678474252,0.04997579719739334,0.04994196421878631,0.05001006678474252,0.04994196421878631,0.04990855157458808,0.04990855157458808,0.04990855157458808,0.049778811727328974
0.050943978606410846,0.05003567849933676,0.049969949098805276,0.04990580423814654,0.05000260837061663,0.04990580423814654,0.04990580423814654,0.04990580423814654,0.04993768574085523,0.049969949098805276,0.049969949098805276,0.049874291344892165,0.049969949098805276,0.05000260837061663,0.04993768574085523,0.05006917539235307,0.05003567849933676,0.049969949098805276,0.04990580423814654,0.049781842749967636
0.05083932714714116,0.050016277576796477,0.049894571292534086,0.04995473265354268,0.049985326187361914,0.049894571292534086,0.04995473265354268,0.04983570417827112,0.049985326187361914,0.050016277576796477,0.05007930614904486,0.049864981160636805,0.050016277576796477,0.049924484842669585,0.049985326187361914,0.05004759968119987,0.050016277576796477,0.050016277576796477,0.049894571292534086,0.04977805121028087
0.05104474605392231,0.04994027366512392,0.04987212857004398,0.05008202220219104,0.050045856470338275,0.04994027366512392,0.04987212857004398,0.04987212857004398,0.04997500163983571,0.05001018964786361,0.05001018964786361,0.0499059881391992,0.04987212857004398,0.0499059881391992,0.0499059881391992,0.04997500163983571,0.05001018964786361,0.05008202220219104,0.04987212857004398,0.049805626250029905
0.050964501425602715,0.04997232867748234,0.049908241164295396,0.050105376534211175,0.05000495875090353,0.049908241164295396,0.049908241164295396,0.04997232867748234,0.05000495875090353,0.049908241164295396,0.05003799931391481,0.04994009416396333,0.04997232867748234,0.05000495875090353,0.04994009416396333,0.04987675644453362,0.049908241164295396,0.049908241164295396,0.049908241164295396,0.04984562751858562
0.05113389091276414,0.04999072029350748,0.049916315351125486,0.049916315351125486,0.04995325943443178,0.049916315351125486,0.04984389561447496,0.049916315351125486,0.05002872024087524,0.04999072029350748,0.050067283242450134,0.04987986722903981,0.04984389561447496,0.04995325943443178,0.05002872024087524,0.04995325943443178,0.049916315351125486,0.04999072029350748,0.049916315351125486,0.04984389561447496
0.05160244871570568,0.04997826363076637,0.04988513667027447,0.04988513667027447,0.05012443163395141,0.04988513667027447,0.04988513667027447,0.04988513667027447,0.05002607503002958,0.04988513667027447,0.04997826363076637,0.04983973785456677,0.04979506556056713,0.049931298651665394,0.049931298651665394,0.04983973785456677,0.04997826363076637,0.04997826363076637,0.04997826363076637,0.04970776787180337
0.050954969360575544,0.04994901918422887,0.04994901918422887,0.04994901918422887,0.049981146807421696,0.04994901918422887,0.05001366867883174,0.04994901918422887,0.05004659967863973,0.04994901918422887,0.05001366867883174,0.049854865792238134,0.04994901918422887,0.049917271809779146,0.049981146807421696,0.049981146807421696,0.04994901918422887,0.05001366867883174,0.049885891494011646,0.049763801932164516
0.05082431358328588,0.04989908637087095,0.04989908637087095,0.050142478829946074,0.0500485176817719,0.05001794784532229,0.04989908637087095,0.049841553902296366,0.04998773145302602,0.04995785652177926,0.05001794784532229,0.04992831173067376,0.04989908637087095,0.0500485176817719,0.05017459759644323,0.04998773145302602,0.04995785652177926,0.049841553902296366,0.049841553902296366,0.04978518406547926
0.05092673217040463,0.050023526693405845,0.050023526693405845,0.04989304447099023,0.049990301758369236,0.04989304447099023,0.049957489603525244,0.04989304447099023,0.049990301758369236,0.049957489603525244,0.04989304447099023,0.0500571803904874,0.049957489603525244,0.049990301758369236,0.049990301758369236,0.04992507521587574,0.04989304447099023,0.049957489603525244,0.049957489603525244,0.04983008143036642
0.05101320389198533,0.04987185490066179,0.0499383640488696,0.050076570955101776,0.050112307092583984,0.05000655777316406,0.0499383640488696,0.04987185490066179,0.050041327800706414,0.0499383640488696,0.0499383640488696,0.049904906680348894,0.0499383640488696,0.049904906680348894,0.049972242314435575,0.049972242314435575,0.0499383640488696,0.05000655777316406,0.04987185490066179,0.04974342772852263
0.05083631291725968,0.04997333526960181,0.050034452489337355,0.049913591997111414,0.05006555692226528,0.049913591997111414,0.050034452489337355,0.04985513397706042,0.05000371619511221,0.049913591997111414,0.05016121892983198,0.049884207500429004,0.049797881665630345,0.049943297664452366,0.05006555692226528,0.049943297664452366,0.04997333526960181,0.050034452489337355,0.04985513397706042,0.049797881665630345
0.050770782102762785,0.04994024493701921,0.04988357905960534,0.04988357905960534,0.049911764418911715,0.05011789542082577,0.04988357905960534,0.04994024493701921,0.05002755478975446,0.04999812985399697,0.04988357905960534,0.05002755478975446,0.04988357905960534,0.05008742541710465,0.04996903008559693,0.04996903008559693,0.04999812985399697,0.04999812985399697,0.04999812985399697,0.0498280583016393
0.05077531631438566,0.049919783847284675,0.05021227109421277,0.04997570315404927,0.04994759786561907,0.04997570315404927,0.049864994573065397,0.049919783847284675,0.04989225222671461,0.04997570315404927,0.050032825439580667,0.04989225222671461,0.04997570315404927,0.04994759786561907,0.05000410905945555,0.0500618627029964,0.049919783847284675,0.04997570315404927,0.049919783847284675,0.04981126947225098
0.050801878952576006,0.04999149989998846,0.049932164872412546,0.049932164872412546,0.05008309137256413,0.049932164872412546,0.04987410631473448,0.04987410631473448,0.049902981169406724,0.04999149989998846,0.04999149989998846,0.04996166755141493,0.050052199486187984,0.05008309137256413,0.05002167322290497,0.04996166755141493,0.049932164872412546,0.04987410631473448,0.049932164872412546,0.04987410631473448
0.050916352045712786,0.049934471927398465,0.049934471927398465,0.05005998830463541,0.05002804185436652,0.049934471927398465,0.049873855212317936,0.049934471927398465,0.04996529701997845,0.04999648267673966,0.04999648267673966,0.04984404111628781,0.05012510243399304,0.049903995174499845,0.04996529701997845,0.04996529701997845,0.049934471927398465,0.04999648267673966,0.049934471927398465,0.04975645320364172
0.05085709956967105,0.049966958284656554,0.050029664024987826,0.050029664024987826,0.049998124510753104,0.049966958284656554,0.049905694634160086,0.04984577793117227,0.049998124510753104,0.049966958284656554,0.050029664024987826,0.04993615239808663,0.049905694634160086,0.049998124510753104,0.050061590570568894,0.04987557345110805,0.050029664024987826,0.049905694634160086,0.049905694634160086,0.04978712305657248
0.05077613031969545,0.04995226611891147,0.04995226611891147,0.0498970167427798,0.049980322523761174,0.0498970167427798,0.050008679022723296,0.0498970167427798,0.050037345456395,0.0498970167427798,0.050008679022723296,0.04992450047755095,0.0498970167427798,0.050037345456395,0.049980322523761174,0.050037345456395,0.050125311288349884,0.050008679022723296,0.049842861738902275,0.049842861738902275
0.05081048572066882,0.049928510121580554,0.049986647429682875,0.05016928170654902,0.05001620066471093,0.049928510121580554,0.04987159716832602,0.049986647429682875,0.0498999054220737,0.050106935201045644,0.049986647429682875,0.05001620066471093,0.049928510121580554,0.0498999054220737,0.05001620066471093,0.0498999054220737,0.049986647429682875,0.04987159716832602,0.049928510121580554,0.049761154569676905
0.05080586669663517,0.05014518326088019,0.04990786893862212,0.050023825151327465,0.0499943580714252,0.049851704060393444,0.04990786893862212,0.04990786893862212,0.0499943580714252,0.04990786893862212,0.04990786893862212,0.0499943580714252,0.04990786893862212,0.0499943580714252,0.0500536290306669,0.04993639024822321,0.05014518326088019,0.049965216624604424,0.049851704060393444,0.04979665168856204
0.05145948202990673,0.04998871558665828,0.04989910167645997,0.05008147670417563,0.04994353516243714,0.04998871558665828,0.049812334841463704,0.04998871558665828,0.04994353516243714,0.04989910167645997,0.04989910167645997,0.04985537926392437,0.04989910167645997,0.04994353516243714,0.04994353516243714,0.04985537926392437,0.04989910167645997,0.04998871558665828,0.04989910167645997,0.049812334841463704
0.05086151370145107,0.050190932509823184,0.04999537949766449,0.04987270069543994,0.05002695188749342,0.04993334278761672,0.04987270069543994,0.04987270069543994,0.050091273594490386,0.04987270069543994,0.050124053101385055,0.04996418078507516,0.04981336319194154,0.0499028532756715,0.04996418078507516,0.04984287411778352,0.05005891171209548,0.04993334278761672,0.04987270069543994,0.04993334278761672
0.05094559040609109,0.049955470582164846,0.05002155753212038,0.05002155753212038,0.0499883075112153,0.04989097679153265,0.04989097679153265,0.05002155753212038,0.04992303172063559,0.05002155753212038,0.05002155753212038,0.04985929247701561,0.049827966211837556,0.04992303172063559,0.05005523663879919,0.05005523663879919,0.05002155753212038,0.05002155753212038,0.049827966211837556,0.04970601357306055
0.05080402633471415,0.05003769671154328,0.04998068149972515,0.04992486701173249,0.05006667954563099,0.04998068149972515,0.04987018043807889,0.04992486701173249,0.04995262889366869,0.04998068149972515,0.04992486701173249,0.04989738699821594,0.04992486701173249,0.05000903415926176,0.05000903415926176,0.05000903415926176,0.04998068149972515,0.04998068149972515,0.04992486701173249,0.0498165560430746
0.051635662354200126,0.04992802424676667,0.04992802424676667,0.04992802424676667,0.04997504617638418,0.04992802424676667,0.049836352421519216,0.04992802424676667,0.04997504617638418,0.04992802424676667,0.04992802424676667,0.04988180628858762,0.049836352421519216,0.04997504617638418,0.04997504617638418,0.04988180628858762,0.04992802424676667,0.04992802424676667,0.04992802424676667,0.04974759305238276
0.05078878179081395,0.05009312046933067,0.05003338386154554,0.04997499016412276,0.05000402479309672,0.04986189367972309,0.04997499016412276,0.04986189367972309,0.05000402479309672,0.05003338386154554,0.05015429713347455,0.049946269450699014,0.04986189367972309,0.049946269450699014,0.05006307849489465,0.04988973041906213,0.04997499016412276,0.04991785268583445,0.04986189367972309,0.04975323758464639
0.05079328096329981,0.049975220567235724,0.04991808804441999,0.04991808804441999,0.050123739787455136,0.049975220567235724,0.049975220567235724,0.049975220567235724,0.05000425267806727,0.04991808804441999,0.049975220567235724,0.04988996821666188,0.04986213389157357,0.05000425267806727,0.05000425267806727,0.05006330125820059,0.05003360920023537,0.049975220567235724,0.04986213389157357,0.049753487220124154
0.05083596942751374,0.04997769021631774,0.04997769021631774,0.05004014340523357,0.04994700840244381,0.05004014340523357,0.04991667330912685,0.05004014340523357,0.04988667344108321,0.05010413934546262,0.04991667330912685,0.04988667344108321,0.04997769021631774,0.04994700840244381,0.0500087309184276,0.04994700840244381,0.04991667330912685,0.04997769021631774,0.049856997924526615,0.04979857928621915
0.05132670099121147,0.049899454326431655,0.049899454326431655,0.05006519474151481,0.05002277229391106,0.0499810287369042,0.049899454326431655,0.049899454326431655,0.05002277229391106,0.049899454326431655,0.049899454326431655,0.04993993248446502,0.049899454326431655,0.05002277229391106,0.04993993248446502,0.04985956718559731,0.0499810287369042,0.049899454326431655,0.049899454326431655,0.04974320881931992
0.05099966976057455,0.05007039195034872,0.05007039195034872,0.05007039195034872,0.049965811002383086,0.049865180812731995,0.049865180812731995,0.049931850805972046,0.049898312524499305,0.049931850805972046,0.050000209449260036,0.049898312524499305,0.04980008018501794,0.050035063564275346,0.049965811002383086,0.049965811002383086,0.050000209449260036,0.050000209449260036,0.049865180812731995,0.04980008018501794
0.050918751341653176,0.04993830098235387,0.05000022369567525,0.04993830098235387,0.04996908231286856,0.04993830098235387,0.04987777032419712,0.04993830098235387,0.04996908231286856,0.04993830098235387,0.04993830098235387,0.04990786749698628,0.05000022369567525,0.050031738069063865,0.04996908231286856,0.04996908231286856,0.05000022369567525,0.05000022369567525,0.04993830098235387,0.049818541857447225
0.05090524001353121,0.04992558090404669,0.049987796072054384,0.050051511046489375,0.04995650761165933,0.049987796072054384,0.04992558090404669,0.04986476436573879,0.05001945928462801,0.049987796072054384,0.04992558090404669,0.04995650761165933,0.049987796072054384,0.04995650761165933,0.05001945928462801,0.049895003684418446,0.050051511046489375,0.04992558090404669,0.04986476436573879,0.04980525616895551
0.050786877442640724,0.049911615273658415,0.049911615273658415,0.050029931749791604,0.049999853904346254,0.0499701159542985,0.04985434660038637,0.0499701159542985,0.049940706630648174,0.050091155553947955,0.049911615273658415,0.049999853904346254,0.049911615273658415,0.050122327573666046,0.049999853904346254,0.049940706630648174,0.0499701159542985,0.049911615273658415,0.049911615273658415,0.04985434660038637
0.05084373152246629,0.04995026743838697,0.04995026743838697,0.04995026743838697,0.04998091200491256,0.04995026743838697,0.04983104041314526,0.04989000572293458,0.04991996917150381,0.050011915023988135,0.04989000572293458,0.04991996917150381,0.050344948809418866,0.04998091200491256,0.05004328937641773,0.04998091200491256,0.04989000572293458,0.04989000572293458,0.04995026743838697,0.04983104041314526
0.05084319370146099,0.04998602264588361,0.04998602264588361,0.04998602264588361,0.04995612840546868,0.049868385509400606,0.04992656451857563,0.04998602264588361,0.05001625856804576,0.04998602264588361,0.04998602264588361,0.04995612840546868,0.04981140645419011,0.05001625856804576,0.04995612840546868,0.04995612840546868,0.05010913998615971,0.04992656451857563,0.04998602264588361,0.04975555603248566
0.05143202937646433,0.04990156024658542,0.05007788028791449,0.04990156024658542,0.049944555354097815,0.04990156024658542,0.04981754008155847,0.04990156024658542,0.049944555354097815,0.04990156024658542,0.04998824970662658,0.04985923185105149,0.04990156024658542,0.049944555354097815,0.049944555354097815,0.049944555354097815,0.04990156024658542,0.04998824970662658,0.04990156024658542,0.04990156024658542
0.05091976795833701,0.05000735108547129,0.05000735108547129,0.049944107606807626,0.050039551419820145,0.04988231858474104,0.04988231858474104,0.04988231858474104,0.050039551419820145,0.04988231858474104,0.05000735108547129,0.049913037541775195,0.04988231858474104,0.04997554110148851,0.04997554110148851,0.04997554110148851,0.05000735108547129,0.05007215683759856,0.04988231858474104,0.04982188806104438
0.05137028754407608,0.04991861247052605,0.05000210843816985,0.04991861247052605,0.04996003423847663,0.04991861247052605,0.049837610613582946,0.04991861247052605,0.04996003423847663,0.04991861247052605,0.05000210843816985,0.04987781369278821,0.04991861247052605,0.04996003423847663,0.04996003423847663,0.04996003423847663,0.04991861247052605,0.05000210843816985,0.04991861247052605,0.04975889187845167
0.0508406082008091,0.05010010307888351,0.04997654465757223,0.04991687351516594,0.05000688890315833,0.04985848607347008,0.04997654465757223,0.04991687351516594,0.04994654331784474,0.04985848607347008,0.05010010307888351,0.04988752449538543,0.04980130288470213,0.04994654331784474,0.04988752449538543,0.05006865496789897,0.04997654465757223,0.05010010307888351,0.04991687351516594,0.04991687351516594
0.05076169940003554,0.050001506941868806,0.049943696255470085,0.049943696255470085,0.050030894143616576,0.050121118923483365,0.049943696255470085,0.0498316534862187,0.05009068799394836,0.049943696255470085,0.050001506941868806,0.04991525226026806,0.049943696255470085,0.049972444490489695,0.049972444490489695,0.0498592396314932,0.049943696255470085,0.050060617231819385,0.0498871030453608,0.0498316534862187
0.050846418471939374,0.04995139479251585,0.04995139479251585,0.05013229433599889,0.05004026550892148,0.04989374982882317,0.04989374982882317,0.04995139479251585,0.049922418986580105,0.05001030713286856,0.04995139479251585,0.049922418986580105,0.04989374982882317,0.04998068730214655,0.05004026550892148,0.04998068730214655,0.04995139479251585,0.05001030713286856,0.04989374982882317,0.04978195605315644
0.05080763910404271,0.05005355262796569,0.049938918275326094,0.05005355262796569,0.050024421462416514,0.049938918275326094,0.04988339365696703,0.049938918275326094,0.050024421462416514,0.04988339365696703,0.04999561221784615,0.04991101431064849,0.04988339365696703,0.050024421462416514,0.050024421462416514,0.049967114452023086,0.049938918275326094,0.04999561221784615,0.04988339365696703,0.04982896886282334
0.0508432875140506,0.04997056310854745,0.04991075753252386,0.04997056310854745,0.04994049417855001,0.05003174406464311,0.04991075753252386,0.04991075753252386,0.04994049417855001,0.04991075753252386,0.050158642704075065,0.04994049417855001,0.04985223854927078,0.050000975716939004,0.04994049417855001,0.04994049417855001,0.05003174406464311,0.05003174406464311,0.04985223854927078,0.04991075753252386
0.050829693131873514,0.049925175065626694,0.04998338410374702,0.049925175065626694,0.04995412139393367,0.049925175065626694,0.05004290170049903,0.05010382028659093,0.04995412139393367,0.049925175065626694,0.049925175065626694,0.049896535073539604,0.04998338410374702,0.05001297380166181,0.05001297380166181,0.04995412139393367,0.04998338410374702,0.049925175065626694,0.049925175065626694,0.04981236025174474
0.05079423235625759,0.04991494855581707,0.05003060336874244,0.05003060336874244,0.04994339573125804,0.049858929664435885,0.04991494855581707,0.049972147180532764,0.04988679619362936,0.05015164603760714,0.05003060336874244,0.050001212881298586,0.04991494855581707,0.050001212881298586,0.04994339573125804,0.05006032978019581,0.049972147180532764,0.04991494855581707,0.049858929664435885,0.04980402038776401
0.05091382582240245,0.04998855665648039,0.04992328701856208,0.05005547947556527,0.050021803543358,0.0498595537827741,0.04998855665648039,0.0498595537827741,0.04995572282252084,0.05005547947556527,0.04998855665648039,0.049891235110841536,0.049797253303648085,0.04995572282252084,0.05008960150492893,0.049891235110841536,0.05005547947556527,0.04992328701856208,0.04998855665648039,0.049797253303648085
0.050785399247837947,0.050079901763794545,0.04990768909025102,0.04996385780023519,0.049935627160654784,0.04990768909025102,0.04985265545282017,0.04996385780023519,0.049992390397560114,0.050079901763794545,0.04990768909025102,0.049935627160654784,0.04990768909025102,0.05005040162556464,0.049935627160654784,0.049992390397560114,0.04996385780023519,0.0500212348543384,0.04996385780023519,0.04985265545282017
0.051336192392369036,0.0499953920330676,0.04991168279330641,0.04991168279330641,0.05003825971783733,0.04991168279330641,0.04991168279330641,0.04991168279330641,0.05003825971783733,0.04991168279330641,0.04991168279330641,0.049953210364068856,0.04983047403490411,0.049953210364068856,0.049953210364068856,0.04987077980404841,0.0499953920330676,0.04991168279330641,0.04991168279330641,0.04983047403490411
0.0508798564397889,0.04999603242102825,0.049870460637509044,0.049870460637509044,0.04996408523610349,0.04999603242102825,0.049932516164332016,0.049870460637509044,0.05009428632114238,0.049932516164332016,0.049932516164332016,0.05002837163995522,0.04980976946845084,0.05009428632114238,0.049901312089732267,0.04996408523610349,0.04999603242102825,0.04999603242102825,0.05006111768949363,0.04980976946845084
0.05090082072374845,0.050049579452489314,0.049917084236002135,0.050049579452489314,0.04994959432746181,0.049853205032418295,0.049853205032418295,0.049853205032418295,0.05008377963130444,0.04998250336052766,0.04998250336052766,0.04994959432746181,0.04979076186692922,0.05008377963130444,0.04994959432746181,0.04988495892001563,0.050049579452489314,0.04998250336052766,0.049917084236002135,0.049917084236002135
0.05081428096860312,0.04993175732854875,0.049988602044728936,0.05004669654340386,0.05001748790551358,0.04987608504626714,0.04993175732854875,0.049988602044728936,0.05007623902682058,0.04987608504626714,0.050166990277588995,0.04984866652118852,0.04987608504626714,0.049903779155186775,0.049960028491047984,0.05001748790551358,0.049988602044728936,0.05004669654340386,0.04987608504626714,0.04976798568537627
0.05092195471776598,0.05007144670089262,0.049936611856874605,0.04987166357392951,0.049903944396389385,0.05000316452624968,0.04987166357392951,0.05007144670089262,0.04996968019009104,0.04987166357392951,0.04987166357392951,0.050106280055237956,0.049936611856874605,0.050037080971979904,0.04996968019009104,0.049903944396389385,0.049936611856874605,0.049936611856874605,0.049936611856874605,0.04987166357392951
0.05080657841734963,0.05000826910354399,0.0499506070538393,0.0499506070538393,0.05009722086277861,0.04989415935017839,0.0499506070538393,0.0499506070538393,0.04992223619081535,0.0499506070538393,0.0499506070538393,0.05003758074804123,0.049838852357050815,0.05003758074804123,0.049979281374451755,0.049979281374451755,0.05000826910354399,0.05000826910354399,0.04989415935017839,0.049784619592995065
0.05083546184289743,0.05001320305266984,0.04995158577777292,0.05001320305266984,0.04998221527706784,0.04995158577777292,0.0498913536916242,0.049832417373725624,0.04992130240785285,0.0500763057207254,0.050141006683879816,0.04992130240785285,0.049832417373725624,0.04992130240785285,0.04998221527706784,0.050044561979049766,0.05001320305266984,0.04995158577777292,0.049832417373725624,0.0498913536916242
0.050875504441991626,0.04992476687337516,0.04992476687337516,0.049985601879489396,0.049955011532968274,0.04992476687337516,0.04992476687337516,0.049985601879489396,0.05001655004434371,0.04992476687337516,0.049985601879489396,0.049955011532968274,0.049985601879489396,0.049955011532968274,0.05001655004434371,0.049894856439695656,0.05004786888554499,0.04992476687337516,0.049985601879489396,0.049807024907477564
0.050834332298428764,0.04999294483532209,0.04993364228225785,0.05005361120017662,0.050023101644149574,0.049875615500469796,0.04999294483532209,0.04993364228225785,0.050023101644149574,0.04993364228225785,0.04993364228225785,0.049963128814219736,0.04993364228225785,0.04990447455171456,0.050023101644149574,0.04990447455171456,0.05005361120017662,0.04999294483532209,0.049875615500469796,0.04981878553292528
0.05091269515784543,0.049937593812921115,0.05000099057879512,0.049937593812921115,0.04996910349494672,0.05000099057879512,0.04987565502890242,0.049937593812921115,0.04996910349494672,0.049937593812921115,0.05013260442061283,0.04984520190643374,0.049937593812921115,0.04996910349494672,0.04996910349494672,0.04996910349494672,0.050065953404713516,0.05000099057879512,0.04987565502890242,0.04975577677686489
0.05149327607654499,0.049892247654868466,0.04998208634851948,0.04998208634851948,0.05002816799594368,0.04998208634851948,0.04980526317789332,0.049892247654868466,0.04993679259577904,0.04998208634851948,0.049892247654868466,0.049848415571023694,0.049892247654868466,0.05002816799594368,0.05002816799594368,0.04993679259577904,0.049892247654868466,0.049892247654868466,0.049892247654868466,0.04972087701699187
0.05085481828539993,0.050035164891424545,0.050035164891424545,0.04997259172110907,0.049941850963135796,0.04991145759181866,0.04985166756237334,0.04985166756237334,0.04988140008978996,0.04997259172110907,0.050099283776896486,0.049941850963135796,0.04991145759181866,0.049941850963135796,0.05006702393915565,0.050131959922268446,0.04991145759181866,0.050099283776896486,0.04985166756237334,0.049735788632542396
0.05087980818318792,0.049914813626706925,0.049975872329851234,0.049975872329851234,0.05007018803919217,0.049975872329851234,0.049914813626706925,0.049975872329851234,0.04994516949925059,0.049975872329851234,0.049914813626706925,0.04988479320906244,0.049975872329851234,0.05000693429452256,0.04994516949925059,0.04994516949925059,0.049914813626706925,0.049914813626706925,0.0500383682985587,0.049855097365082424
0.050844153089872536,0.04989387704574573,0.049954053666788976,0.05014330014343132,0.04992379818350565,0.049954053666788976,0.049954053666788976,0.04989387704574573,0.04998465496071168,0.050015614201020415,0.04989387704574573,0.04992379818350565,0.050078658760576614,0.05004694425033049,0.04998465496071168,0.04998465496071168,0.050078658760576614,0.049834994999736065,0.049834994999736065,0.049777327407969446
0.050820240006005955,0.0499966242690789,0.04993740441024447,0.04993740441024447,0.05002673902585382,0.0499966242690789,0.04987945854369158,0.04993740441024447,0.05002673902585382,0.05005720603794124,0.0499966242690789,0.04990827735253712,0.04982270782248896,0.049966849824818915,0.049966849824818915,0.049966849824818915,0.05005720603794124,0.0499966242690789,0.04987945854369158,0.04982270782248896
0.05085187950431931,0.04989973455990124,0.050016037076635336,0.05007617251439754,0.05004592996546592,0.04989973455990124,0.04984340194487648,0.05007617251439754,0.0499283410485901,0.04989973455990124,0.04995725351514314,0.04998648199309577,0.04989973455990124,0.04998648199309577,0.04998648199309577,0.04998648199309577,0.04995725351514314,0.04995725351514314,0.04995725351514314,0.04978818515875701
0.05079270683558799,0.04997573803676181,0.04991736093313616,0.04991736093313616,0.05000541316827409,0.04991736093313616,0.04991736093313616,0.04991736093313616,0.050065792866465536,0.04991736093313616,0.04991736093313616,0.05000541316827409,0.04986021323438247,0.0501910295747286,0.05000541316827409,0.04994639083745557,0.05003542747718788,0.04991736093313616,0.04991736093313616,0.04986021323438247
0.05101440413609074,0.04992978025757117,0.04992978025757117,0.049861369464556445,0.049964643636762916,0.049861369464556445,0.049861369464556445,0.04992978025757117,0.050035774730467004,0.049861369464556445,0.049999968842942076,0.04982778994177313,0.049861369464556445,0.050035774730467004,0.050035774730467004,0.049964643636762916,0.05014628562367879,0.05022277457874382,0.049861369464556445,0.0497946078517926
0.05096787922745466,0.05004344151233879,0.04990713171512821,0.05034026039568635,0.05015058370783107,0.04990713171512821,0.049974412401603635,0.04984147296540444,0.05000869985803421,0.04990713171512821,0.05004344151233879,0.04987410690654438,0.04984147296540444,0.0499405617815747,0.0499405617815747,0.04987410690654438,0.049974412401603635,0.04990713171512821,0.04984147296540444,0.049714585850144696
0.05097191984739186,0.0499106543766528,0.0499106543766528,0.049976228460319586,0.04994324147519398,0.049976228460319586,0.04984662386155868,0.049976228460319586,0.04994324147519398,0.049976228460319586,0.049976228460319586,0.04994324147519398,0.049976228460319586,0.050009630425020254,0.050009630425020254,0.050009630425020254,0.0499106543766528,0.049976228460319586,0.0499106543766528,0.04984662386155868
0.05114886710960589,0.04994232996615329,0.04994232996615329,0.05001809870691389,0.04997994369245374,0.04986863826782298,0.04986863826782298,0.04986863826782298,0.04997994369245374,0.05001809870691389,0.05001809870691389,0.04983251986322118,0.04994232996615329,0.04997994369245374,0.04997994369245374,0.04997994369245374,0.05001809870691389,0.05001809870691389,0.04986863826782298,0.04972685806058296
0.050983578449816436,0.049920523258168134,0.049920523258168134,0.049920523258168134,0.04995550608751787,0.049920523258168134,0.04985187807364507,0.04999095232618318,0.04995550608751787,0.049920523258168134,0.049920523258168134,0.0500268808931219,0.049920523258168134,0.05010026743821698,0.05025382581436737,0.04988598612455915,0.05006331203073396,0.04985187807364507,0.04985187807364507,0.049784887719853316
0.05092526109006458,0.04990128519959278,0.049964058964210786,0.049964058964210786,0.049996006463780336,0.04990128519959278,0.04990128519959278,0.049964058964210786,0.049996006463780336,0.04990128519959278,0.05009426133158782,0.04993248958151852,0.04983992262222019,0.04993248958151852,0.04993248958151852,0.049996006463780336,0.049964058964210786,0.05002834600121321,0.049964058964210786,0.04990128519959278
0.05078537346398084,0.04990865903862585,0.049963673192614404,0.049963673192614404,0.049936025762428796,0.049963673192614404,0.04985473459764268,0.04990865903862585,0.049936025762428796,0.05001984592060773,0.04990865903862585,0.049936025762428796,0.05001984592060773,0.050048390308015105,0.050048390308015105,0.05010644690462156,0.04990865903862585,0.05001984592060773,0.04990865903862585,0.04985473459764268
0.05088589439600562,0.049991351055014864,0.049991351055014864,0.049868484784228645,0.05002297169140637,0.049868484784228645,0.049991351055014864,0.049868484784228645,0.05008739169002077,0.049929219545110946,0.05012022128810395,0.04996010466688853,0.04980905660559948,0.05002297169140637,0.04996010466688853,0.04989868344137606,0.049991351055014864,0.05005498035461984,0.049868484784228645,0.04980905660559948
0.05088101859166672,0.049943014761613454,0.049943014761613454,0.05012866190317092,0.050034179179229275,0.049943014761613454,0.04988391837920244,0.05000343965045239,0.04997305552778768,0.049943014761613454,0.050065286885450234,0.049854841796264766,0.05000343965045239,0.04991330596817938,0.04991330596817938,0.04991330596817938,0.05000343965045239,0.05000343965045239,0.04988391837920244,0.049769383805224165
0.05091765474380931,0.050031942333065474,0.0499677441077536,0.0499677441077536,0.050064643466437145,0.0499050570642604,0.0499050570642604,0.0499050570642604,0.04999964747227544,0.0499050570642604,0.050031942333065474,0.04993621833774559,0.0499050570642604,0.04993621833774559,0.04993621833774559,0.04993621833774559,0.0499677441077536,0.050031942333065474,0.0499050570642604,0.0498437792584761
0.05081526299004777,0.04998440817399597,0.04998440817399597,0.04992491376189036,0.050014662547871395,0.05004527081017447,0.04998440817399597,0.04986669924850977,0.04995449569038178,0.04992491376189036,0.05004527081017447,0.04989565166622225,0.04986669924850977,0.05007624567769991,0.04995449569038178,0.050014662547871395,0.04998440817399597,0.04992491376189036,0.04998440817399597,0.04975380091650431
0.051324708642200775,0.049907527371451134,0.04999136450109659,0.049907527371451134,0.050034297678555786,0.049907527371451134,0.049907527371451134,0.049907527371451134,0.050034297678555786,0.04999136450109659,0.04999136450109659,0.049866561891139846,0.04982619454336735,0.04994911838749434,0.04994911838749434,0.049866561891139846,0.049907527371451134,0.04999136450109659,0.04999136450109659,0.04974715416586215
0.05084538984040939,0.04988588556344017,0.050005321263581516,0.04994493963586816,0.04997495889439243,0.04994493963586816,0.04994493963586816,0.04988588556344017,0.04997495889439243,0.05006712421912678,0.050005321263581516,0.04985682979784665,0.04994493963586816,0.049915252112408576,0.04997495889439243,0.05009859111301617,0.04988588556344017,0.050005321263581516,0.05006712421912678,0.04977143299035066
0.051458599776833626,0.049922535448741076,0.049922535448741076,0.05001138082849737,0.049966587872374874,0.049922535448741076,0.049922535448741076,0.049922535448741076,0.049966587872374874,0.049922535448741076,0.049922535448741076,0.04987918800037071,0.04983651272762071,0.049966587872374874,0.0500569529678375,0.04987918800037071,0.049922535448741076,0.049922535448741076,0.049922535448741076,0.049753059593934355
0.05073317325432553,0.04993376217560786,0.04993376217560786,0.049879255320389775,0.04996143282268229,0.04993376217560786,0.049879255320389775,0.04993376217560786,0.05007510866592338,0.04998939323845994,0.049879255320389775,0.05007510866592338,0.049879255320389775,0.05025579902089909,0.04996143282268229,0.04996143282268229,0.04993376217560786,0.04993376217560786,0.04993376217560786,0.04993376217560786
0.05114817189213374,0.04991551566784711,0.04991551566784711,0.05006652802133684,0.049952470631705,0.04998994252353002,0.049843074602566664,0.04991551566784711,0.049952470631705,0.04998994252353002,0.04991551566784711,0.049879056811277384,0.04998994252353002,0.049952470631705,0.050027953662416184,0.049952470631705,0.04991551566784711,0.04998994252353002,0.04991551566784711,0.04977246838224637
