0.2139895289941709,0.19632222142013223,0.19894224822059367,0.19568695932471863,0.19505904204038457
0.21700327524765767,0.20026547348802148,0.1936063476896098,0.19551855588510128,0.1936063476896098
0.21515380444758025,0.19860951884004593,0.19521756301419144,0.1968864567367433,0.194132656961439
0.2147122579167744,0.19792775568234414,0.19792775568234414,0.19614190546881952,0.19329032524971784
0.21370735301441626,0.1954927784639528,0.19786380365016776,0.1997153870700523,0.19322067780141086
0.21968522933367524,0.19664074894734684,0.19383046978989055,0.197366758981429,0.19247679294765838
0.2155356946512608,0.1965959059879638,0.1965959059879638,0.1946765873848478,0.1965959059879638
0.21591167021280921,0.19675999812130923,0.19433877459127866,0.1986507824833242,0.19433877459127866
0.22616782167199198,0.19316755370514968,0.19696074864899119,0.19409172011354975,0.1896121558603174
0.2158707194585185,0.19908771140092835,0.19521556844816626,0.19584169680051675,0.19398430389187013
0.22345439498406766,0.19602878488298428,0.19431498782181092,0.19516519060627524,0.1910366417048619
0.21499708082693222,0.19881123975825765,0.1963723285664228,0.19577973962195502,0.1940396112264323
0.21474228691617353,0.1964428338874247,0.1964428338874247,0.1982588618936281,0.19411318341534897
0.21585895329034074,0.19779003550383048,0.19524172727376793,0.19586755665829292,0.19524172727376793
0.2149214162605779,0.1948501030193139,0.19865824001150478,0.1967201376892895,0.1948501030193139
0.21435090734859386,0.19767212900076062,0.19767212900076062,0.19709390292804937,0.19321093172183557
0.2309999491926025,0.1949477071825344,0.19294515523887326,0.19196978809409346,0.18913740029189635
0.21631461752597908,0.19803818895120087,0.1966883067287929,0.1973589207609002,0.191599966033127
0.2171117428750852,0.1968763310848583,0.1968763310848583,0.1961995691657171,0.19293602578948113
0.21585383883525944,0.19748337349065961,0.19615362820670135,0.19816103577200583,0.19234812369537374
0.21404110589156755,0.19752753664811162,0.19752753664811162,0.1981559720528818,0.19274784875932743
0.21831098078388095,0.1962612142599933,0.1949005233387913,0.1969546469985732,0.19357263461876126
0.21672376587266032,0.1969280627903825,0.1969280627903825,0.19502068175014117,0.19439942679643354
0.21978251376052715,0.1967242952917281,0.193762308578586,0.19596857379057273,0.193762308578586
0.22896746760095135,0.19578341654933168,0.19204003429890315,0.19295284671151358,0.19025623483930024
0.21662353549334912,0.1966058963141457,0.1966058963141457,0.19724536972588813,0.19291930215247133
0.21459978666334897,0.1964737430225746,0.1964737430225746,0.19821019401535261,0.1942425332761492
0.21588929364946197,0.19781806256606532,0.19649679176436527,0.195848244349061,0.19394760767104643
0.21793485961621778,0.19532575110054798,0.1966433965106185,0.1973145754736189,0.19278141729899684
0.21496350834129818,0.19811788975347272,0.19469348464699815,0.19753163261123283,0.19469348464699815
0.21356386546183664,0.19729477919145513,0.19618507390406864,0.1978584875999849,0.19509779384265474
0.213209675095518,0.19625420542892405,0.19736248517094193,0.19907010438520595,0.1941035299194101
0.21333822084108597,0.1970988920064602,0.19831517201439822,0.1965011203999035,0.19474659473815217
0.21558027998562349,0.195887057936831,0.1997117402658769,0.19650551187155502,0.19231540994011362
0.21525122024597038,0.19781506646463556,0.19661525608485783,0.19602535150385175,0.19429310570068448
0.2133371476308569,0.1970587957427184,0.1959671096671665,0.19873989939584577,0.19489704756341258
0.2145145937034945,0.19732600805619852,0.19732600805619852,0.19676859579314232,0.19406479439096613
0.21367634218448447,0.2005332429192019,0.19581188260043697,0.19637931307875145,0.19359921921712525
0.22586672222708834,0.19558867792199025,0.1937437050024823,0.19284354712604057,0.19195734772239853
0.21464380290371662,0.20124890861945188,0.193707088536305,0.19429655935039564,0.19610364059013088
0.2167263522408606,0.19718604902604583,0.19466970490075178,0.19915496765896162,0.19226292617338017
0.21363618875403093,0.19839460217084218,0.19614985047577208,0.19782435946943572,0.1939949991299191
0.2294633055882719,0.19427447728134936,0.19238494259601432,0.193321835236436,0.1905554392979284
0.21392824557783152,0.20030825496994945,0.19578186118698754,0.19632678093480746,0.19365485733042415
0.21384366730917054,0.1977523559080664,0.1955280655315394,0.19948480610278538,0.1933911051484383
0.2144345640957548,0.1974302820892758,0.1974302820892758,0.19682251949490992,0.19388235223078368
0.22374942897283073,0.19504884552300897,0.19504884552300897,0.19424659645251013,0.19190628352864125
0.21741734942820787,0.19886603132709083,0.193469270623391,0.19677807799791927,0.193469270623391
0.21577339567967488,0.19619178248001257,0.1974289183683636,0.19680675373415127,0.19379914973779766
0.21585095992172906,0.19647581246196683,0.1977064180525262,0.19587100018510187,0.19409580937867607
0.21384136943798623,0.19667775486772884,0.19667775486772884,0.1972480626566277,0.19555505816992835
0.2133824586624649,0.1950871712013805,0.2031701822520853,0.19571476699903068,0.19264542088503867
0.21508648417230314,0.19835136992319571,0.19494237534419698,0.1977677510587055,0.19385201950159864
0.22515952142903584,0.19348761603648407,0.19348761603648407,0.19437763046151207,0.19348761603648407
0.21589966850645828,0.19772962588249482,0.1952391807176865,0.1970960224566667,0.1940355024366937
0.22421117566753038,0.194551661874942,0.194551661874942,0.19539825110288345,0.1912872494797022
0.2139779062603641,0.19908727409677512,0.1930778419802874,0.1984547936237585,0.19540218403881487
0.2133690131832344,0.19846973748028698,0.19733706892963823,0.19568233400376656,0.1951418464030738
0.21486674060582941,0.19725640274508677,0.1961220020572551,0.1978328528101879,0.19392200178164085
0.2138572936923537,0.19891919642957878,0.19554768043382986,0.19720651744989598,0.19446931199434164
0.21463208788687207,0.19737139932195144,0.19503121934642115,0.19677670699184013,0.1961885864529152
0.21439694093934059,0.1965275080984008,0.197677588594696,0.19709942285082102,0.19429853951674153
0.21374498833857491,0.1963937907304826,0.1963937907304826,0.19926254179877026,0.19420488840168967
0.21637458762978748,0.19825534227637592,0.19451003655276697,0.19634999698830266,0.19451003655276697
0.21319257575540732,0.1991289548773677,0.19569566843231206,0.19738430054212772,0.1945985003927852
0.22365591363233636,0.196396191219853,0.19304277466581304,0.19386234581618453,0.19304277466581304
0.21551573522564108,0.19811186342750295,0.19444475399682454,0.19748289335320685,0.19444475399682454
0.2157036637020759,0.19882853128593167,0.1936991437673027,0.1955659921398639,0.1962026691048258
0.21436570691546314,0.19706400995216797,0.19597243139740125,0.19874494803243622,0.19385290370253153
0.2156781971924603,0.19860069485105164,0.1958936404393379,0.19523778183194287,0.1945896856852073
0.21418800014585532,0.19852346422524608,0.19519904289079015,0.19795464545717031,0.19413484728093816
0.21419628790921183,0.1978028947031949,0.19419894725656914,0.1984280322877419,0.19537383784328224
0.21534892077057674,0.1965910252466748,0.1977913802092121,0.19600085291347213,0.19426782086006422
0.21454745778604398,0.19795073086217513,0.19678093830514393,0.19620558037648808,0.19451529267014886
0.2160157406715742,0.19673897206638255,0.19673897206638255,0.19736192949591183,0.1931443856997489
0.22671406991934354,0.19397000242652918,0.19397000242652918,0.19488112001860847,0.19046480520898962
0.21443256729393068,0.19802477564120122,0.19554839301759097,0.19996242631498784,0.19203183773228932
0.21520544858834134,0.19604124465073713,0.1972539558112672,0.19664415469509758,0.19485519625455675
0.21447744516736136,0.1955905929237826,0.19926296628792273,0.1973947237993849,0.19327427182154835
0.21442555091061083,0.19824772744984373,0.19483189209637944,0.19766293744678662,0.19483189209637944
0.21505107280787528,0.19635898130475382,0.19635898130475382,0.1980623069799277,0.19416865760268942
0.2138691238109726,0.19781193767307875,0.19554184101073718,0.19723525649447426,0.19554184101073718
0.21789681689908633,0.19636316361767706,0.19500505410138608,0.19705528082555931,0.19367968455629123
0.21729469105680935,0.19911758311940578,0.19514690997709477,0.19578848865644352,0.19265232719024664
0.21665060847236262,0.19533244953866127,0.19664993351686189,0.1973210302500953,0.19404597822201894
0.22014574015192495,0.19585874655622607,0.19585874655622607,0.1966160041782694,0.19152076255735326
0.2174684770224614,0.19647285403283224,0.19647285403283224,0.19579095207141547,0.1937948628404588
0.21612635656398005,0.19580286592236243,0.19458480071017734,0.19768311088111779,0.19580286592236243
0.21302144445441729,0.19546765575740765,0.19769441288824693,0.1994287843829157,0.19438770251701248
0.21580867675817555,0.19828685825498582,0.1947163260561371,0.1964718128745645,0.1947163260561371
0.21539424292649154,0.1968576555096946,0.19805201801570463,0.1962704294566847,0.1934256540914247
0.2157824753066542,0.19810440564085166,0.19557144145507624,0.1961935025537718,0.19434817504364607
0.21431313296855897,0.19798416328510476,0.19567123043258025,0.19857864951442003,0.19345282379933598
0.22383370401344127,0.19545655081779748,0.19382803063313875,0.19463630254741332,0.19224541198820919
0.21459195260560412,0.1955724420530074,0.19674306400515063,0.19978887921709876,0.19330366211913905
0.22617095934031572,0.19497477634127805,0.19322751038863517,0.1940943168570274,0.19153243707274367
0.21268163350062275,0.19696149017557035,0.1958898968760384,0.1975054892721982,0.19696149017557035
0.22003791597576153,0.19515038827898454,0.1966534033841932,0.195896676273838,0.19226161608722273
0.21457491615091606,0.1990612567433741,0.19452477322372833,0.19731428065825313,0.19452477322372833
0.21447909991234196,0.19708344077050324,0.19827272880242847,0.19649870965799326,0.19366602085673318
0.21300240280627958,0.19769732606194448,0.19769732606194448,0.197143843199381,0.19445910187045043
0.21458640697982653,0.19861450589290297,0.19498291989873406,0.19799162867700745,0.193824538551529
0.21692566238220337,0.1965438405357542,0.1939968981020216,0.1985367008779993,0.1939968981020216
0.21431013465825383,0.19625768433811486,0.19741356817427896,0.1980011445136438,0.1940174683157085
0.2141559857382672,0.19685358908289569,0.19794950907162134,0.19631401777826968,0.1947268983289461
0.2149212139384547,0.1976062937460631,0.19640168336640443,0.19700056603614055,0.19407024291293723
0.21354284726470493,0.19731355014972474,0.1950217744327704,0.19910005372002967,0.1950217744327704
0.21613251833618952,0.19609344125662515,0.1986619126957419,0.19547022334149675,0.1936419043699468
0.21354577514402995,0.1946765969516114,0.20064363695688936,0.19757515141796883,0.19355883952950048
0.21602839365294452,0.19707655671713664,0.19583112883191428,0.1964502219774016,0.19461369882060295
0.22766646604266558,0.19375513524461424,0.19375513524461424,0.19470049441776252,0.1901227690503434
0.21389131407826484,0.1958236669575279,0.19808201566229902,0.19637933634438046,0.1958236669575279
0.2152017935375759,0.19757627430712038,0.19631287076451412,0.19821953456650326,0.19268952682428633
0.21396010669518659,0.19859412478046168,0.19635805199757883,0.19581344973061687,0.195274266796156
0.23539051807912276,0.1929528132934603,0.1908776961861972,0.19190598860733404,0.18887298383388568
0.2146699592149552,0.1989283915296634,0.1940538559854495,0.1982939372844824,0.1940538559854495
0.21384366730917054,0.1977523559080664,0.1955280655315394,0.19948480610278538,0.1933911051484383
0.22633212258115826,0.19493556687159727,0.1931870558650166,0.19405447999599487,0.19149077468623302
0.2166517905328953,0.19876374192873963,0.19505523444115433,0.19565574171278172,0.19387349138442914
0.21299241693115276,0.19799933028536382,0.1957855541193858,0.19743714454471178,0.1957855541193858
0.21399239051263125,0.19691317795775054,0.19691317795775054,0.19748096778024354,0.19470028579162404
0.2144151354014877,0.19852112717617493,0.19623207092552236,0.19679510140483833,0.19403656509197667
0.2152391880055086,0.19601713211961805,0.19841758366820766,0.1966071265326573,0.1937189696740084
0.21523162229055678,0.19662344179605343,0.19662344179605343,0.19721984664020237,0.19430164747713397
0.21595660506308195,0.1964531057725659,0.1964531057725659,0.19706509037670272,0.19407209301508352
0.21353452994090624,0.19784569408792466,0.19784569408792466,0.19728184736713675,0.1934922345161077
0.21398385156581848,0.1957443135255526,0.19688666644150166,0.19985627737290312,0.19352889109422414
0.2137773255696377,0.19774475855769155,0.19561102029782643,0.19829194893943905,0.19457494663540506
0.21667238857428778,0.19661781953429305,0.19793610153468805,0.19469928849396428,0.19407440186276695
0.22704492844612498,0.19621318315818792,0.19432535522621527,0.1934050508168498,0.189011482352622
0.21281129231735166,0.19828137274710067,0.19612551295576353,0.1966563090240206,0.19612551295576353
0.21559091815850426,0.199049980742148,0.19406791899609968,0.19840090974390234,0.1928902723593457
0.22516549714526657,0.1951744068445784,0.19348707210826405,0.19432434695605105,0.19184867694583993
0.2131170596239451,0.19740504597415123,0.1962976623473119,0.1979675750248938,0.195212657029698
0.21519671800876075,0.19752926420771755,0.19398801465163967,0.19814297813632237,0.19514302499555966
0.2140816120473905,0.20051979015768986,0.19341721529634395,0.19744360506213765,0.19453777743643802
0.21278168018858173,0.19952543010630214,0.19383708334344307,0.1989280771255326,0.19492772923614057
0.21622056647749582,0.19608300058502603,0.19735181359547385,0.19671363045956294,0.19363098888244135
0.21367476758207168,0.19900338593026048,0.1966841861259689,0.19725442512937952,0.19338323523231946
0.21445055165144258,0.19888232333461905,0.19535290500293012,0.19708817778943344,0.19422604222157477
0.2133050345474481,0.19951334785521466,0.19585909724148623,0.1988861604268641,0.19243635992898706
0.2147506186982997,0.19763803519304163,0.1952567426161159,0.198250476902614,0.19410412658992882
0.2146462148505018,0.19618846756519115,0.19734584010812248,0.19676400852382905,0.19505546895235548
0.21751432587488104,0.1967381457292685,0.19545454341977908,0.19609252392338608,0.19420046105268526
0.22526937630328508,0.19606973771613234,0.1943010646181287,0.1934374637325426,0.19092235762991122
0.21706203643727479,0.19725238239282308,0.19588208621097075,0.1965628417853748,0.19324065317355668
0.2155458281048938,0.19683532654696306,0.19566673258525505,0.19742936388942034,0.19452274887346777
0.2156265573944226,0.19739584698580212,0.19505675409852147,0.1979970570507895,0.19392378447046435
0.21759620115787218,0.19818470392505122,0.19271603483940666,0.19746997642316552,0.1940330836545044
0.21572292973481982,0.19652082579212618,0.1953188965243224,0.19591652215660554,0.19652082579212618
0.21760995057030885,0.19676573260494035,0.19410239428116968,0.19475618993864077,0.19676573260494035
0.21584612626894295,0.19679363600937602,0.19437394224724958,0.19741595407254803,0.1955703414018832
0.21815021424356096,0.19699968392577488,0.1956228230541742,0.19494730427206503,0.19427997450442497
0.21386304458610098,0.19955575717982973,0.1960728360661976,0.19663753397218806,0.1938708281956836
0.21473806233874318,0.1955651111381893,0.19676162843491427,0.19737008694996397,0.1955651111381893
0.2208217952158573,0.1957158390199489,0.1957158390199489,0.19496705660031144,0.19277947014393346
0.21402782228209616,0.19847990655059056,0.1952901343956621,0.19793470519366393,0.1942674315779873
0.21632826768464428,0.19700646794643958,0.19575939068800843,0.19514648299289927,0.19575939068800843
0.2145245731020441,0.19777147559486255,0.19651277637258444,0.19467839855792451,0.19651277637258444
0.21827228124985393,0.19629189976346142,0.19489665182569185,0.19700329673915934,0.19353587042183348
0.22513548072595624,0.1943410566903897,0.1943410566903897,0.19521763026511893,0.1909647756281454
0.21307429471800618,0.1963172068192043,0.1974018194958761,0.197952600961522,0.1952540780053914
0.21545926197114615,0.19830766716757187,0.19481895202128283,0.19771004809028456,0.19370407074971457
0.21538591872293278,0.19567747464062865,0.19809302970915788,0.19747872465433022,0.1933648522729505
0.21583254887550038,0.19650044371881029,0.1952704081780699,0.1971261910495495,0.1952704081780699
0.21360547048591738,0.1986344028479425,0.19538711776414325,0.1969858911378536,0.19538711776414325
0.21985392565058057,0.19710523141605427,0.19408027059339522,0.1963330041656061,0.19262756817436388
0.2155000235097991,0.1983550740216089,0.19595171350929386,0.19654242290129062,0.19365076605800752
0.21689955197486585,0.19621439356684708,0.19621439356684708,0.19817089278078925,0.1925007681106507
0.21403817411832302,0.19930854893294978,0.19458327773886602,0.19748672147099516,0.19458327773886602
0.212067913766403,0.1978910049001601,0.2002081311087941,0.19732764804022737,0.19250530218441544
0.2277655949399993,0.1937446798732731,0.19189975520363195,0.19469021477946383,0.19189975520363195
0.21381325813581295,0.19969618049690943,0.1963759482325888,0.1958423624360047,0.1942722506986841
0.21323986179781806,0.1973121320645891,0.1962256699679568,0.2001317378431954,0.19309059832644068
0.21389808630426296,0.19778100071500052,0.19665788299474934,0.19610510017877952,0.19555792980720765
0.21433623036029828,0.19740356366850842,0.1962723280938173,0.19571554978355868,0.1962723280938173
0.21507615505152125,0.1985069701176662,0.19370697868563466,0.19665633428136314,0.19605356186381478
0.2161100356519297,0.1979243473062485,0.19432878555067157,0.19730804594047865,0.19432878555067157
0.21573165530131788,0.19947304619216347,0.19427776712593028,0.19746457502918577,0.19305295635140257
0.2159701256917004,0.19709083142005862,0.19584573945615905,0.1964646656175995,0.19462863781448242
0.2153997035942901,0.19599221223548863,0.19599221223548863,0.1953819353758337,0.19723393655889895
0.21566393708710696,0.19710623242203734,0.19710623242203734,0.19650854376066232,0.193615054308156
0.2156363399934508,0.19622596056834207,0.19746231064847242,0.19684054120292835,0.19383484758680636
0.21418829621695235,0.19717935969161482,0.1960183278012853,0.1965956884888622,0.1960183278012853
0.21479318280216908,0.19947320419772205,0.1958160479648092,0.1964082400848719,0.19350932495042775
0.2161619084736627,0.19672594254947823,0.19807487181162267,0.19739608315619023,0.19164119400904617
0.21443055916587758,0.1973489417380577,0.19515421412235306,0.19791207085135865,0.19515421412235306
0.21722746797589523,0.19861482072106407,0.1944976628920026,0.19516238551903553,0.1944976628920026
0.2318529066085021,0.19375019576401828,0.19177592106549898,0.19275454671173756,0.18986642985024307
0.2137503310945714,0.19926418066006657,0.19464268272122634,0.19987181718266356,0.1924709883414721
0.2263109445670176,0.1945051345990631,0.19274295568520808,0.19540755027506887,0.19103341487364234
0.21550393403585857,0.19755577780815553,0.19755577780815553,0.19562467310989645,0.1937598372379339
0.2137714808148522,0.19697342143558877,0.19813898307748962,0.19640014446611762,0.19471597020595177
0.21640657343123376,0.19888990263508177,0.19509894859506763,0.19571238741743724,0.19389218792117957
0.21715072819705103,0.1975203734964324,0.19489479025233777,0.19553931780184097,0.19489479025233777
0.21511935634759372,0.1981572699593071,0.1957447043902802,0.19754372517058955,0.19343494413222947
0.21576440198078603,0.19711695844186636,0.19590109750505658,0.19650557348846198,0.19471196858382905
0.21547022225740692,0.19658356249510137,0.19658356249510137,0.1972083376429663,0.194154315109424
0.21387945458746632,0.19783145580071126,0.19665898257051304,0.19724196201389793,0.19438814502741156
0.22086528433501318,0.19716013859062168,0.19422238359937616,0.19494212493255908,0.19281006854242994
0.21397034962184797,0.19888207256310322,0.19660906608682938,0.19716814886404813,0.1933703628641713
0.21635235116859672,0.19668619379273253,0.195431579640683,0.19732470552333337,0.1942051698746544
0.21716796604783895,0.1958447616358066,0.1986970674902519,0.1951548581747817,0.19313534665132098
0.22608886510243376,0.19499474908142878,0.193248117341362,0.1941146091813129,0.19155365929346257
0.2165757460284949,0.19600481858154933,0.19727547142626595,0.1953805760927868,0.19476338787090303
0.22503868436681604,0.19520528451405433,0.1935189000814446,0.19435570337763458,0.19188142766005045
0.22151344210654503,0.19592103301675673,0.1943973837231519,0.19669918821868784,0.1914689529348585
0.21626606355909964,0.19805103763889279,0.194100050283091,0.19873913374639937,0.19284371477251724
0.21552588405009898,0.19715223711827,0.1959644986408843,0.1965550683004714,0.19480231189027547
0.21637400769972653,0.19831468296668234,0.19572883944206865,0.1951014063370261,0.19448106355449638
0.21423911128450576,0.19795729641125992,0.19466720529085457,0.1973946562371405,0.19574173077623921
0.22507334288966988,0.19435641866841333,0.19435641866841333,0.1952327503071087,0.19098106946639481
0.2132118308229345,0.19654778257420816,0.19772270005884973,0.19596990396979946,0.19654778257420816
0.21385967220748686,0.1969628395800574,0.19821094759623425,0.19758317858601726,0.19338336203020423
0.214968508171646,0.19668784845946197,0.197942427761418,0.19731140384648457,0.19308981176098947
0.2153831998157747,0.19785810277173785,0.1966014912507954,0.1959841469411341,0.19417305922055791
0.21378887001699826,0.19836282864021826,0.1950280332516831,0.1977922348394172,0.1950280332516831
0.2161339023949747,0.1967098380096182,0.1967098380096182,0.1973331362000719,0.19311328538571704
0.2159852350080357,0.19707078158401858,0.1983778776097717,0.19642919187510657,0.19213691392306745
0.2160269540972943,0.19766048359466423,0.19522479945766147,0.19704105947272302,0.19404670337765703
0.21394680507831695,0.1992388322974917,0.19573402911561116,0.19863808750861492,0.19244224599996532
0.21444536985301765,0.20071574768729394,0.19475742565851598,0.1953240311426565,0.19475742565851598
0.21585095992172906,0.19647581246196683,0.1977064180525262,0.19587100018510187,0.19409580937867607
0.21419512574304825,0.1981043032587402,0.19568927281878554,0.19749013162334458,0.19452116655608143
0.2148088840466879,0.19813495866455336,0.19471168016734716,0.19872772146150286,0.19361675565990882
0.21384366730917054,0.1977523559080664,0.1955280655315394,0.19948480610278538,0.1933911051484383
0.21647886905856598,0.1963426083838362,0.1950494736865424,0.19834297071610751,0.19378607815494792
0.21477890367269847,0.19736586659624894,0.1961272469337832,0.19799623823915227,0.1937317445581171
0.21711379829558863,0.19971637132363668,0.19411287132815866,0.1975448643864817,0.19151209466613434
0.22470312162880807,0.1940083898925237,0.19578635663160132,0.19489020264189152,0.1906119292051754
0.21617138715152145,0.19824475221052584,0.19577885046815463,0.1963846923831121,0.193420317786686
0.2157460195827014,0.19776682504441614,0.19527815225018114,0.19713367253398376,0.19407533058871768
0.21358098664223496,0.1979421794032882,0.1967452915418097,0.19615682386030192,0.1955747185523652
0.21617917194149877,0.19609343331308385,0.19488189852056867,0.19796359770428004,0.19488189852056867
0.21364687511787386,0.1975612153632418,0.19532878773800616,0.19813433404287198,0.19532878773800616
0.21449753092597623,0.19705328192681104,0.19705328192681104,0.19650459661853997,0.19489130860186174
0.21468553092958187,0.19993581013318615,0.1941632216540948,0.19813652615058266,0.19307891113255457
0.21492709006228952,0.19605178192844566,0.1948393110328776,0.20052889304568516,0.19365292393070205
0.21955772555274,0.19672635220450374,0.19526652992336757,0.1959915085562085,0.19245788376318018
0.21441740544045546,0.19893065825989606,0.1941701614829121,0.19831161333382424,0.1941701614829121
0.2142621956545613,0.19709527185504422,0.1960263814887545,0.19763789879560997,0.19497825220603002
0.21665472932399327,0.19633430729935908,0.19633430729935908,0.195667627169747,0.19500902890754152
0.2122844209525088,0.19729538594775595,0.19842895101141142,0.1990051819350524,0.19298606015327144
0.22310349809427912,0.19480877503429667,0.19480877503429667,0.19562646801546488,0.1916524838216627
0.21448380691737262,0.19737095327681398,0.19621413273759836,0.19795900577522946,0.19397210129298556
0.2143735547692233,0.19910905867618078,0.1945768322831644,0.19736372198826707,0.1945768322831644
0.2153760363338119,0.1974852674555066,0.19504142941873545,0.1993955375027799,0.19270172928916618
0.21537686620490076,0.20116237402943662,0.1946233373110428,0.19779038172421104,0.19104704073040873
0.21380011494650022,0.19547704157704718,0.2003335879555278,0.1960601915885533,0.19432906393237148
0.21357333451067503,0.19673911792835902,0.19673911792835902,0.1972853978262763,0.19566303180633068
0.21488140415507387,0.1958206364208142,0.19822982552676238,0.19641277839231103,0.1946553555050385
0.2151006184839013,0.19813432110782273,0.19577559838612027,0.19635555518486464,0.1946339068372911
0.21631212648885448,0.19904496455948448,0.1963613085628022,0.19571111886691162,0.19257048152194722
0.2143408765375884,0.19856532818265865,0.19622620659608728,0.19797068794439157,0.19289690073927415
0.21543965368313595,0.19660144683465477,0.19660144683465477,0.19724097353549908,0.1941164791120552
0.2145064794251401,0.1961925480155467,0.19492631707936156,0.19555575127021096,0.1988189042097407
0.21860376217553193,0.19999640867277518,0.19311626863213077,0.19644573761150275,0.1918378229080593
0.21637065894627103,0.19768544694516849,0.19908075314574733,0.19565962271928475,0.19120351824352846
0.2154551849836754,0.19595285505007776,0.19722473073741387,0.1978723045781923,0.1934949246506406
0.21704760507391335,0.19827055256623197,0.19423378033361838,0.19621428169261795,0.19423378033361838
0.21282267840419813,0.1957677257776976,0.19927035263864304,0.19748982627751724,0.19464941690194404
0.22273219790844181,0.19529298059971387,0.19370694145292291,0.19610349976851377,0.1921643802704076
0.21546034783809478,0.19869783141771358,0.19507213431911954,0.196854055048846,0.1939156313762261
0.21436495042429451,0.19767614872986644,0.19534951972192355,0.19949140444859875,0.19311797667531688
0.2170287390921357,0.19808233527843033,0.19432450721670694,0.19743737061471475,0.1931270477980123
0.2162823378600489,0.19573501119541403,0.19707509429746484,0.19775802491815192,0.19314953172892027
0.21476780001350157,0.19758708244770237,0.19643501256766785,0.1970079166055445,0.19420218836558364
0.21383098010777227,0.19723679974152547,0.19607703042070174,0.19902590578132037,0.19382928394868013
0.2155175598627975,0.19721323049432757,0.19721323049432757,0.19657336750191803,0.19348261164662933
0.2166049123606215,0.19835708883057548,0.1930470648711212,0.19766386437392686,0.19432706956375498
0.21517296481763065,0.19605267551440111,0.19605267551440111,0.19545655438478282,0.19726512976878405
0.21333984640795836,0.19649949152622823,0.19649949152622823,0.19930253922836266,0.19435863131122255
0.21595328365166955,0.19920030829866206,0.19552339971608332,0.19611879027369694,0.19320421805988822
0.21490722107054622,0.19910030593455946,0.19667516742893998,0.19608592487183316,0.19323138069412119
0.22632562948297355,0.19539489761879125,0.19360409276256738,0.19449227279380196,0.19018310734186583
0.21668129107926845,0.19903229394632865,0.19494858551224722,0.19695112961864406,0.1923866998435116
0.21518425218568868,0.19952793048417705,0.19693795794920252,0.1950755684085534,0.19327429097237836
0.2147109941358223,0.19914371556804794,0.19554953060461017,0.19731596407068885,0.1932797956208307
0.2228300748845479,0.1948703788048671,0.1965164114616887,0.1940655242429986,0.1917176106058977
0.21410556486615095,0.1960195207389824,0.1972327201396519,0.19662267351623233,0.1960195207389824
0.22344629710681788,0.1955509535308177,0.19392525195638521,0.19473212492976572,0.19234537247621328
0.2158802776360224,0.198881229417503,0.19526849367345006,0.19585387420794872,0.1941161250650758
0.22741229663167972,0.19472108820195796,0.19290818538925722,0.1938073252766736,0.1911511045004315
0.2169867098351405,0.1978147877443344,0.19526768764262048,0.19589322032747156,0.19403759445043303
0.2133443584651855,0.19763309340987562,0.19763309340987562,0.19706694823658105,0.19432250647848218
0.2149523181592384,0.19574663747861845,0.19702336602387488,0.19899834952390108,0.19327932881436719
0.2150076444729827,0.19608340083792747,0.19608340083792747,0.1979539132827829,0.19487164056837944
0.21467879983908503,0.19585368299176015,0.19709859232123278,0.1977321649691295,0.19463675987879253
0.21673075382113496,0.19661113565971777,0.1940673995320222,0.19726623855959338,0.19532447242753168
0.2295413688370403,0.1942555194992692,0.19236534199561595,0.19330255336622879,0.19053521630184578
0.2150424493279647,0.1963740613015715,0.19760700631198178,0.19698694930076024,0.19398953375772177
0.21468283784742018,0.19618569525188645,0.19729538772660163,0.19673765142986988,0.1950984277442219
0.2136498344479509,0.1983408834951578,0.19507504239198076,0.19890548095574356,0.1940287587091669
0.21443643246637267,0.1971412192639104,0.19841511202367962,0.19651564978805264,0.19349158645798467
0.21541332532407226,0.19715461444973917,0.19715461444973917,0.19542152049064795,0.19485592528580145
0.23200533167034634,0.19371321593911625,0.19173764331016593,0.19271691232584437,0.18982689675452707
0.2160524832167971,0.19826343495185084,0.19460703759146586,0.19763630217523448,0.1934407420646518
0.21516788343588591,0.19806321552863143,0.19575379780808724,0.1974763405789304,0.193538762648465
0.21331837976146598,0.19852353633450073,0.19623458720932746,0.1967975913393958,0.19512590535531002
0.21758455682219463,0.1988816695908589,0.19333996135743864,0.19815655067211554,0.19203726155739229
0.21424888294330557,0.19736381172796855,0.19630034695771154,0.1968294204814782,0.1952575378895361
0.22659123484031993,0.19306960838910253,0.19493668887891655,0.19589438473743434,0.18950808315422657
0.21471491174168506,0.19701071358789865,0.1958950273161354,0.19757746021857878,0.19480188713570212
0.21484326834707587,0.198823674648504,0.19520687131501505,0.19820333290403686,0.1929228527853682
0.2147193742074013,0.19914721780066638,0.19440690790999687,0.19731959217193856,0.19440690790999687
0.21650064777207986,0.19883498680025555,0.19383190223401722,0.19818317691526338,0.19264928627838407
0.21495897760067728,0.19753741594465074,0.19753741594465074,0.19581687617456683,0.19414931433545451
0.2141652816656032,0.19714062398870127,0.1960506252710019,0.1965928438036918,0.1960506252710019
0.21629942243323935,0.19973424907041026,0.19442912145369756,0.1963570253183302,0.19318018172432277
0.21538727875614916,0.19875193575821723,0.19504257373375844,0.19811528943182644,0.19270292232004876
0.21673977022421625,0.19840103195927128,0.19560991202568712,0.19629409131103767,0.1929551944797877
0.21806561797711385,0.1969958634408058,0.1942759579713993,0.19769793598259414,0.19296462462808692
0.23092692977307658,0.19495722415619218,0.19102074364963312,0.1939471807189475,0.18914792170215056
0.2168011294410815,0.19721710390081212,0.19470223939880396,0.19657728786049847,0.19470223939880396
0.21557897519475186,0.1965554328846093,0.19529774158430238,0.19849952649040878,0.19406832384592768
0.21309071060252896,0.19710337239785572,0.19609572704415362,0.19761446291130821,0.19609572704415362
0.21496340810539724,0.19809764923609163,0.19467190818297284,0.19869083844051325,0.19357619603502504
0.2145507883858579,0.19680805783908967,0.1956125840300511,0.1974159857149502,0.1956125840300511
0.2161066589683264,0.19924377025654708,0.19428065789149082,0.19608825499214486,0.19428065789149082
0.21525406503084396,0.1990205849987179,0.19426847086258534,0.19718840824526748,0.19426847086258534
0.21310476772270412,0.19830072784729036,0.19713880137320233,0.1965673123469101,0.1948883907098932
0.21408000749265957,0.19691808260024476,0.1981385197019445,0.19513830863865303,0.19572508156649818
0.21482117149403443,0.19870910288479307,0.19607711223933433,0.19803860518351732,0.1923540081983209
0.21361297618001177,0.19859199793913318,0.19540916571707445,0.19697669444670615,0.19540916571707445
0.21467322184073392,0.19617791209530971,0.19617791209530971,0.19679304187333693,0.19617791209530971
0.21550342742951017,0.19720523985420693,0.19590146920854126,0.19922362560759255,0.19216623790014886
0.21369922085535664,0.19728457049096892,0.19615077563042183,0.1967146573928308,0.19615077563042183
0.21973484696821835,0.19593710866623104,0.19593710866623104,0.1966726924835728,0.1917182432157468
0.21431734713289805,0.19626347326850865,0.19737156190052538,0.1979344490799991,0.194113168618069
0.21474727564623539,0.19727064985361434,0.19502585225308033,0.19901907266800523,0.19393714957906474
0.22324535760065597,0.19517264161029715,0.19517264161029715,0.19437219987754953,0.19203715930120024
0.2130018921734938,0.19821757142899563,0.19712729547725083,0.19766959396172668,0.19398364695853307
0.2154069426546853,0.19567740308677758,0.19814791851359953,0.19628437852760697,0.1944833572173307
0.21495744217329402,0.19902405302533502,0.1955044204155566,0.19723488195688244,0.1932792024289317
0.21759740234906827,0.19606114874893632,0.19606114874893632,0.19812327401702143,0.19215702613603766
0.215846545294256,0.19864847279397516,0.19374722037383996,0.19801054116408898,0.19374722037383996
0.21781911412696614,0.19699618039345596,0.19568724700839393,0.19633772260511917,0.19315973586606477
0.21481928051716057,0.19754508552901698,0.19754508552901698,0.1958616136032231,0.1942289348215825
0.22461435318888373,0.19446968038585824,0.19446968038585824,0.19363459112582218,0.19281169491357739
0.21448683653694095,0.19738493668017887,0.19622842350522746,0.19680353711532145,0.1950962661623313
0.2168814815411553,0.19854911707632156,0.19590891676452848,0.19526876331950038,0.19339172129849427
0.21485790718835182,0.19612861471659412,0.19612861471659412,0.19791490563068392,0.19496995774777603
0.21514329319556616,0.19635283123896596,0.19519899668254365,0.195772844991302,0.1975320338916223
0.22858940212642712,0.19352712443515538,0.19352712443515538,0.19447631599569112,0.18988003300757106
0.2224865139521475,0.1969063410247478,0.193780555756368,0.1945454817968614,0.1922811074698753
0.21384122466346242,0.19948902465150975,0.1949906371260214,0.19775671913455986,0.19392239442444634
0.22524642302923895,0.19387300984099942,0.19565527546036077,0.19475695469293075,0.1904683369764701
0.22452185553703555,0.19665463441247164,0.1932095216288623,0.19405090856292875,0.1915630798587018
0.21501767015148196,0.19762267666854655,0.1951852331394718,0.19578431961763784,0.19639010042286184
0.21902250110187535,0.19505328909693628,0.19505328909693628,0.19720890775258332,0.19366201295166882
0.21409915525842066,0.19770621452713258,0.19552637961220942,0.1960630786159851,0.19660517198625233
0.21632551477088235,0.19739422044245825,0.19476232569489504,0.19412371864930617,0.19739422044245825
0.21379711209932364,0.19692310611864655,0.19692310611864655,0.19995862454956825,0.192398051113815
0.21415008051057227,0.1968795087844108,0.19804713469270158,0.19630521651352817,0.19461805949878716
0.214778792641267,0.19755497192311525,0.19755497192311525,0.19587181728821929,0.19423944622428319
0.21567430938410256,0.19953970952271985,0.19472352129466106,0.19647877963430835,0.19358368016420816
0.21786836333635554,0.19600457585194345,0.19600457585194345,0.1981228745034945,0.19199961045626307
0.2149905997770942,0.19516013547900968,0.19639264937441164,0.1982964798904749,0.19516013547900968
0.21561972771159324,0.1984948580289877,0.19467460261756814,0.19529278288459231,0.19591802875725858
0.2137258659565684,0.19804156773096837,0.1969475860318364,0.1974917277388365,0.19379325254179033
0.2165769920454832,0.19814764323570624,0.19567711469314694,0.1962840933563527,0.19331415666931095
0.21485895924135742,0.19670589484472564,0.19553445589035867,0.19851300292292548,0.19438768710063278
0.21630948750017054,0.1973079958569194,0.19606801434367396,0.19545859403220317,0.1948559082670329
0.2155905632128509,0.1971953497656535,0.1971953497656535,0.19655527002922527,0.19346346722661695
0.21872704197002146,0.19660128808187682,0.19220521036457572,0.19736965493082909,0.19509680465269694
0.214180425977559,0.19778270168873402,0.19417736001607808,0.1996821523015508,0.19417736001607808
0.21701259033922138,0.19652349686338091,0.19526505402445682,0.19716395713049256,0.19403490164244833
0.21545097208967434,0.19751380206393476,0.19507129192046258,0.19689264200546572,0.19507129192046258
0.21471191703176848,0.19763914117056317,0.19763914117056317,0.1970337932122681,0.19297600741483706
0.21522353176009912,0.19663478971607026,0.19663478971607026,0.19604510098284558,0.19546178782491472
0.21558855851780456,0.19871414267997778,0.19621093905676876,0.19682569137141132,0.19266066837403759
0.2140690424922948,0.1989253250503387,0.19660257523040905,0.19492476159713837,0.19547829562981908
0.2137548728099385,0.19873379742047478,0.1964023373979209,0.1958351505699808,0.195273841801685
0.2142104823615612,0.19878571557728422,0.1954782307747177,0.19710611449143783,0.19441945679499908
0.2147226591737778,0.19817601944794272,0.1947554511095108,0.19759041915925787,0.1947554511095108
0.21528532755253743,0.19847551517012027,0.1935577547896843,0.19912364769797375,0.1935577547896843
0.2140625248671448,0.19630531356009331,0.19630531356009331,0.19930742841764604,0.19401941959502253
0.21535413041313908,0.1965744664130321,0.1954253987497873,0.19834597358190748,0.19430003084213412
0.2146666973609254,0.19618333262593882,0.1973408156105809,0.19675892850529214,0.19505022589726279
0.21412715746840374,0.1986361598878924,0.1940618182516961,0.19687460484002306,0.19630025955198466
0.2145823092752653,0.20164939834862403,0.19640773796735422,0.1945697577948381,0.19279079661391835
0.21329389568902454,0.19785471320416548,0.19576808313118232,0.19628214133824093,0.19680116663738673
0.21881333471949893,0.19682680446301515,0.19544545246786257,0.19613170050924816,0.19278270784037518
0.20378550858562916,0.18376291774333808,0.18247664071707248,0.25,0.17997493295396028
0.2263663711827611,0.19311766130965227,0.1969141862453325,0.19404263903058522,0.18955914223166903
0.21347536221260466,0.19676235347441925,0.19561732685544833,0.19852763060207948,0.19561732685544833
0.21373556776619196,0.19668297121309408,0.19900222386522753,0.19611875413785798,0.19446048301762844
0.21546862951505166,0.19840324628180736,0.19475672985915624,0.19777780824985516,0.19359358609412955
0.2260752187790312,0.19499806910093762,0.19325154278446868,0.19411798232450703,0.19155718701105545
0.21559351478051553,0.19804300005792844,0.19562511679769531,0.1974281029156129,0.1933102654482478
0.2306316732339945,0.19304470882153363,0.19304470882153363,0.19403531119127396,0.1892435979316644
0.21523349611923787,0.19864184963625736,0.19473579658953796,0.19665306106542887,0.19473579658953796
0.22510641040759732,0.19393402871136475,0.19393402871136475,0.19481701257614575,0.19220851959352747
0.21419334370664703,0.19628366107911036,0.19862028343672694,0.19685818389602702,0.19404452788148874
0.21497552988938473,0.19839186821873003,0.19498554667229248,0.1966615085473003,0.19498554667229248
0.21673836349223036,0.19660936524615832,0.19796124631154954,0.1959461021164655,0.1927449228335963
0.2152842122509726,0.1977719940370956,0.19659818442062996,0.1960208507168834,0.19432475857441844
0.2186440968337541,0.19691760930211996,0.19546302791181971,0.1976600569256128,0.1913152090266934
0.2162529146224728,0.19671477513577146,0.19671477513577146,0.19736860633747286,0.19294892876851139
0.21456253172616313,0.19704248920683903,0.19818149354588568,0.19537849821895442,0.1948349873021577
0.2266065840876489,0.19574320100498316,0.1922392266717534,0.19484633365080326,0.19056465458481128
0.2134837644926263,0.19675914272791098,0.19675914272791098,0.1986062118615345,0.19439173819001726
0.21328946597495396,0.20060742646771634,0.1970323658432496,0.19645972612913803,0.19261101558494206
0.21399062423808962,0.20011453870806853,0.19658896508678825,0.1960237532100254,0.1932821187570282
0.21384389714681548,0.19722857283163006,0.19722857283163006,0.19667012947928247,0.195028827710642
0.22296283233772354,0.1952150486934823,0.1952150486934823,0.19443791836984237,0.19216915190546954
