0.10348453449388179,0.09974251652195278,0.09947498357551446,0.09974251652195278,0.09974251652195278,0.10029742067959888,0.09895757227632182,0.09960797225779566,0.09947498357551446,0.09947498357551446
0.10395645242151147,0.10032783289221897,0.09972831145963783,0.10002401913323851,0.09972831145963783,0.09888402290316475,0.09944009370535964,0.0992986216624284,0.09972831145963783,0.09888402290316475
0.10341753379443835,0.09976580969326784,0.09951082726266491,0.10056769131707366,0.09976580969326784,0.09901697916333857,0.10002665608802083,0.09938541514388065,0.09976580969326784,0.0987774681507795
0.1034634838844188,0.09982618353472758,0.09982618353472758,0.09956672601846939,0.10009174844164449,0.09982618353472758,0.09931297295586833,0.09943915987968875,0.09982618353472758,0.0988211746810001
0.10328583395254268,0.0993588962819786,0.09961166163071394,0.09961166163071394,0.10040570625008044,0.09987010922896863,0.0993588962819786,0.10026932616777652,0.0993588962819786,0.09886901229326807
0.10449642987205962,0.09946948336415178,0.09978849277559292,0.09946948336415178,0.10045512384019664,0.098856352123163,0.09915898547481802,0.09962788023799472,0.100116754588565,0.09856101435930653
0.10370381009269816,0.09963353951666512,0.09963353951666512,0.09963353951666512,0.09991698009382406,0.09963353951666512,0.09935693184673543,0.09922104086675167,0.09963353951666512,0.09963353951666512
0.10366237754869224,0.09947846516555793,0.10032052228231715,0.09975221282736776,0.09975221282736776,0.09894944121578303,0.09921101307921397,0.09989159109092557,0.10003272274699153,0.09894944121578303
0.1061363410272162,0.09924662405581548,0.09924662405581548,0.09924662405581548,0.09963572997403919,0.10003850114792472,0.09886988021183105,0.09943955540233039,0.09963572997403919,0.09850439009517281
0.10378433384607309,0.10018119043072027,0.09934991341486843,0.09989724910302228,0.09962032192179598,0.09934991341486843,0.09934991341486843,0.0994843315173589,0.09989724910302228,0.09908558383340195
0.10551105655815317,0.09972459798523353,0.09936303168197663,0.09936303168197663,0.09972459798523353,0.09936303168197663,0.09901226573724495,0.09954240220650479,0.09972459798523353,0.09867138649646662
0.10353395251871983,0.10003034600131318,0.09950239803162703,0.09976330130524329,0.09950239803162703,0.09950239803162703,0.10003034600131318,0.09937412106478312,0.09976330130524329,0.09899743770850303
0.10349197150304373,0.0995376317724486,0.0995376317724486,0.09979774317548808,0.09979774317548808,0.0995376317724486,0.09979774317548808,0.09993006782039127,0.0995376317724486,0.0990342040603064
0.10376195798283251,0.099872508516581,0.09959497036467753,0.099872508516581,0.099872508516581,0.0993239652688999,0.0993239652688999,0.09945867993136957,0.09959497036467753,0.0993239652688999
0.10362607402952477,0.09934289609807853,0.09934289609807853,0.09987809799172692,0.09987809799172692,0.1001554991558663,0.09908422310883391,0.09974193528550995,0.0996073841425756,0.09934289609807853
0.10342141128435171,0.09982333262516833,0.0995752199420081,0.09982333262516833,0.0995752199420081,0.09982333262516833,0.0995752199420081,0.09969860200458461,0.09982333262516833,0.09886099638436602
0.10713785356273042,0.09959727035471531,0.09917844921202151,0.09959727035471531,0.09917844921202151,0.09917844921202151,0.09917844921202151,0.09897445730888223,0.09959727035471531,0.09838208121615556
0.10386377577265007,0.09993198712920139,0.09935833076131372,0.10023015083505679,0.09964157191039574,0.09964157191039574,0.09935833076131372,0.09978584858700917,0.09964157191039574,0.09854686042226796
0.104078392672072,0.09975083127917313,0.09975083127917313,0.09946318373714606,0.10004595392240795,0.09975083127917313,0.09918247051972803,0.0996061085042209,0.09946318373714606,0.09890821306975964
0.10380365907301807,0.09987231703511412,0.09958774556864193,0.09987231703511412,0.09958774556864193,0.09958774556864193,0.09931003427176859,0.10001733980864977,0.09958774556864193,0.0987733505017676
0.10336824253622426,0.09981302518952967,0.09928725478606287,0.09981302518952967,0.09981302518952967,0.09981302518952967,0.09954715149757865,0.09994833648893718,0.09981302518952967,0.09878388874354875
0.1042847566335948,0.09953480042426952,0.09924168288103347,0.09983553521772094,0.09983553521772094,0.09924168288103347,0.09924168288103347,0.09968417843331248,0.10014451390245424,0.09895563152782666
0.10402560332752493,0.09980899771305457,0.09953661855805718,0.09953661855805718,0.09953661855805718,0.09980899771305457,0.09953661855805718,0.09940280495010784,0.09953661855805718,0.0992705035059722
0.10468372774725902,0.09977842390247775,0.09945913080530323,0.09945913080530323,0.09977842390247775,0.09914835679928362,0.09914835679928362,0.09961766853685042,0.09977842390247775,0.09914835679928362
0.10667531840656679,0.09967568451543964,0.0992743200360204,0.09967568451543964,0.0992743200360204,0.09888612585608099,0.0992743200360204,0.09907865734138793,0.09967568451543964,0.09850988474158422
0.10390179207628843,0.09957783248290471,0.09957783248290471,0.09957783248290471,0.09957783248290471,0.09957783248290471,0.09985578365650873,0.09971596056304531,0.09985578365650873,0.09878151763312526
0.10349552704467552,0.09959533561207508,0.09959533561207508,0.09984301564960779,0.09984301564960779,0.09959533561207508,0.09959533561207508,0.09996892010923772,0.09935287164430123,0.09911530745426961
0.10378697807271177,0.0999069267949972,0.0999069267949972,0.09934637557609444,0.09962323166366005,0.09962323166366005,0.09962323166366005,0.09948397955582086,0.09962323166366005,0.09907588655073835
0.10419911018110724,0.0993250153237712,0.09960905937246771,0.09960905937246771,0.09960905937246771,0.09960905937246771,0.09960905937246771,0.09975374502810273,0.09990029782712014,0.0987765347775602
0.10343222078140174,0.09974094336920863,0.10000236148001769,0.09974094336920863,0.09948540207502726,0.09899047157282578,0.10000236148001769,0.09961246281944912,0.10000236148001769,0.09899047157282578
0.10320915666571717,0.09968105738075202,0.09944039827971597,0.09992689372387742,0.09992689372387742,0.09944039827971597,0.09944039827971597,0.09980330745956595,0.09992689372387742,0.09920460248318466
0.10312372611159712,0.09944303276040808,0.10070152169035454,0.09944303276040808,0.09968363753642011,0.09968363753642011,0.09920729019108597,0.10005435742146804,0.09968363753642011,0.09897612645541783
0.10330147259118799,0.09984184577163271,0.09958857223031892,0.09958857223031892,0.09984184577163271,0.10010094397687692,0.09934074734327597,0.09971450539820392,0.09934074734327597,0.09934074734327597
0.10374689380715056,0.0995327162514852,0.0995327162514852,0.0995327162514852,0.09979892183253836,0.10035107283181367,0.09927249511190889,0.0996650451100855,0.09979892183253836,0.0987685007195093
0.10355322175692633,0.09976118930579816,0.10002828370293457,0.10002828370293457,0.09976118930579816,0.09950023747412721,0.09950023747412721,0.09937193663299503,0.09950023747412721,0.09899518317023154
0.10312554393364387,0.09958049037291118,0.09958049037291118,0.10032520304631748,0.09934272060021788,0.09934272060021788,0.09982326747295192,0.09994663558849054,0.09982326747295192,0.09910966053938616
0.10337771149025592,0.09963181746054088,0.09987871285047446,0.09987871285047446,0.10038954655062765,0.09963181746054088,0.09939012161591528,0.09951034007073382,0.09939012161591528,0.09892109803452137
0.10327544246806047,0.10044029810390594,0.0994218211291795,0.10044029810390594,0.0994218211291795,0.0994218211291795,0.0994218211291795,0.099544225444441,0.09966793900850118,0.09894451235446754
0.10606394423881703,0.09973032231061019,0.09934442381857465,0.09934442381857465,0.09934442381857465,0.09934442381857465,0.09897078549937109,0.09915614486692184,0.09973032231061019,0.09897078549937109
0.10352953364577203,0.1006571573913773,0.09981955055598592,0.10009167634166166,0.09929408381851869,0.09903992512274269,0.09929408381851869,0.09916632845926565,0.0995538304230787,0.0995538304230787
0.10386333556266042,0.09960768013909388,0.09989175931796779,0.09989175931796779,0.09989175931796779,0.09905959406688473,0.0993304492622326,0.10003653121282693,0.09989175931796779,0.09853537248443028
0.10327953988745531,0.09999659031119291,0.09975228594420502,0.09975228594420502,0.09975228594420502,0.09951312655633332,0.09927880016635525,0.09987377419829781,0.09975228594420502,0.09904902510354532
0.10681079642076517,0.09943990407285783,0.09943990407285783,0.09943990407285783,0.09943990407285783,0.09904415811225287,0.09904415811225287,0.09924038180734827,0.09943990407285783,0.09866098518309195
0.10323429776275404,0.10026066316923532,0.1000053235768785,0.0997557241528575,0.1000053235768785,0.09927230182115311,0.0997557241528575,0.09939128784896606,0.09951149434210377,0.0988078595963157
0.10326979134580969,0.0997801166704955,0.09953641149003296,0.10002917992975388,0.09953641149003296,0.09929773277876641,0.0997801166704955,0.10015583473139912,0.0997801166704955,0.09883428822271852
0.10340395475629907,0.09971973265462275,0.09971973265462275,0.09945782767197467,0.10026249462829921,0.09971973265462275,0.09945782767197467,0.09958803604297503,0.09971973265462275,0.09895092860998636
0.10553622508851931,0.09943924194032,0.09943924194032,0.0997877347723906,0.09943924194032,0.09943924194032,0.09943924194032,0.09926884067609958,0.09943924194032,0.09877174782107054
0.10408582798314453,0.10008616417188104,0.10008616417188104,0.09978405489541448,0.09948979664095478,0.09892257366744334,0.09920280738996855,0.09963598251645439,0.09978405489541448,0.09892257366744334
0.10374903089590068,0.09953655814191302,0.09980267539183857,0.09980267539183857,0.09953655814191302,0.09980267539183857,0.09927642334773411,0.09966884309175211,0.09980267539183857,0.09902188481343271
0.10370993784826546,0.09951077596360638,0.09977748598652336,0.10005062552525461,0.09977748598652336,0.09977748598652336,0.09951077596360638,0.0993796945696483,0.09951077596360638,0.09899495620644241
0.1032803937832823,0.09956352951358242,0.09956352951358242,0.09981189363319619,0.10032576617752241,0.09956352951358242,0.09932039587029776,0.09968703661107389,0.09956352951358242,0.09932039587029776
0.10340885163859787,0.09955997100228003,0.09955997100228003,0.09930036240549542,0.09982554995357491,0.10126026572740386,0.09904633874854415,0.09969198836778412,0.09930036240549542,0.09904633874854415
0.10347693694104615,0.09981799131901466,0.09981799131901466,0.10034354387347819,0.09981799131901466,0.09907260496328768,0.099564181655646,0.09969038139519258,0.099564181655646,0.09883419555865944
0.1058925459170339,0.09923800253548307,0.1000048350096192,0.09923800253548307,0.09923800253548307,0.09923800253548307,0.09887259092067581,0.09942499230942459,0.09961502316583115,0.09923800253548307
0.10375464164319438,0.09983470272028319,0.09983470272028319,0.09983470272028319,0.09929743323967435,0.09929743323967435,0.09929743323967435,0.09969801399157037,0.10011317553801084,0.09903776094735192
0.10565879374501431,0.09938675907604495,0.09974759513005464,0.09938675907604495,0.09938675907604495,0.09938675907604495,0.09903670156726202,0.09956576732900817,0.09974759513005464,0.09869651079442641
0.10336739624986174,0.10016663456946068,0.09963244727563747,0.09963244727563747,0.09912203774721495,0.09887481434847001,0.09963244727563747,0.10003067312608518,0.10016663456946068,0.09937446756253439
0.10314616177173658,0.09990700340826386,0.09966072986311665,0.09966072986311665,0.09966072986311665,0.09966072986311665,0.09966072986311665,0.09930094461416634,0.10015881326501604,0.09918342762523391
0.10349484737120725,0.09967691449460525,0.09967691449460525,0.09967691449460525,0.09992824621056658,0.09943098965857486,0.09943098965857486,0.09980188214427288,0.09992824621056658,0.09895405526242126
0.10335661352348632,0.10015077733319533,0.09966341583580128,0.09966341583580128,0.09942735604636992,0.09942735604636992,0.09942735604636992,0.09978329029384472,0.09990444694108101,0.09919597209768033
0.10346967214177663,0.09974041941551616,0.0994848663456242,0.10000184957284798,0.0994848663456242,0.09923481096932658,0.0994848663456242,0.09961193294518803,0.10000184957284798,0.0994848663456242
0.10339584861924354,0.09952350120104649,0.09977272624521996,0.09977272624521996,0.09952350120104649,0.09977272624521996,0.10002755395168297,0.09964743642114156,0.09952350120104649,0.09904047866913254
0.10321122639925356,0.09943108886376409,0.09992834119230395,0.09967701161103022,0.10044875834938753,0.09943108886376409,0.09943108886376409,0.10005614847451245,0.09943108886376409,0.09895415851845596
0.10376544703374803,0.09980809447160761,0.09952896560992969,0.1000942932449917,0.1000942932449917,0.09898997614256025,0.09980809447160761,0.09939189402807352,0.09952896560992969,0.09898997614256025
0.10318224558511474,0.10015276564671838,0.09941318699539639,0.09965440721410512,0.10015276564671838,0.09941318699539639,0.0991768414204108,0.09977694232963454,0.09990081674609444,0.0991768414204108
0.10553417237857181,0.09976262348932816,0.09940226464447341,0.09976262348932816,0.09940226464447341,0.0990526700901156,0.09940226464447341,0.099226181884647,0.09940226464447341,0.0990526700901156
0.10366263865959875,0.09990350760491097,0.09936951636355584,0.09990350760491097,0.0996334061234403,0.09911142850499056,0.0996334061234403,0.09976765290525093,0.09990350760491097,0.09911142850499056
0.10371185940945794,0.10007163739796504,0.09950514717888145,0.10007163739796504,0.09978485006301013,0.09896504929136112,0.09923202830717788,0.09936779371228982,0.09978485006301013,0.09950514717888145
0.10336736682289162,0.09960726890047238,0.09984948217889307,0.09984948217889307,0.09937005132046288,0.09937005132046288,0.09960726890047238,0.09997256378631066,0.10009702073529399,0.09890944385584706
0.10382169032117408,0.10019423860556723,0.0996192781505064,0.0996192781505064,0.0993423267838957,0.0996192781505064,0.0993423267838957,0.09947997811954595,0.0996192781505064,0.0993423267838957
0.10332075994338995,0.0999132476741063,0.09966711138196722,0.0999132476741063,0.09966711138196722,0.0991900751538498,0.09966711138196722,0.09978951062013691,0.0999132476741063,0.09895857711440273
0.10338028693246805,0.09984117881331285,0.09957596765021398,0.09984117881331285,0.10011278335956476,0.0990630467023971,0.09931671857355329,0.09997615293140988,0.09957596765021398,0.09931671857355329
0.10362980811596206,0.0995795124048066,0.0995795124048066,0.10010395332108597,0.0995795124048066,0.0998386825498437,0.0995795124048066,0.09945208755635204,0.0995795124048066,0.09907790643272321
0.10340804125840013,0.0998022268798669,0.0995480629152009,0.10006223598599427,0.0995480629152009,0.0995480629152009,0.0998022268798669,0.09942305335571086,0.0998022268798669,0.09905580001469144
0.10374293997037318,0.09956368273711574,0.0998354249986866,0.10011387997962656,0.09956368273711574,0.09956368273711574,0.09929818993135273,0.09969874502518317,0.0998354249986866,0.09878434688474397
0.10621378418671323,0.09932589585417168,0.09971240198651801,0.09932589585417168,0.09971240198651801,0.09932589585417168,0.09895166919966986,0.09951753814244696,0.09932589585417168,0.09858862108144727
0.10345197986907209,0.09991911845042437,0.09991911845042437,0.09938587099472954,0.09964939318787486,0.09938587099472954,0.09912814262155173,0.1003363590181666,0.100195506607379,0.09862863980564794
0.10363888022072792,0.09952278006707332,0.0997832252589251,0.09952278006707332,0.0997832252589251,0.0997832252589251,0.09952278006707332,0.09965226269021024,0.09952278006707332,0.09926806104399313
0.1034429705547729,0.09936624160998118,0.09962440213533018,0.10015896382915244,0.09988849971313424,0.10015896382915244,0.09962440213533018,0.09975568312084393,0.09911363487221579,0.09886623820008654
0.10335803890352192,0.09983273307489364,0.09957925472830598,0.10009204079542558,0.10009204079542558,0.09908831972785635,0.09933122944194932,0.09970528972987168,0.09983273307489364,0.09908831972785635
0.10356809740949666,0.09953280991975323,0.10002573168873757,0.09977659093124064,0.09953280991975323,0.09953280991975323,0.0992940569414922,0.09990046918823546,0.09977659093124064,0.09906003315029716
0.10330614458392955,0.09983744876522943,0.09958964636397197,0.10009082184728821,0.09958964636397197,0.0993470626094179,0.09958964636397197,0.09971287412882916,0.09958964636397197,0.0993470626094179
0.10412704680446706,0.09944357478261615,0.09944357478261615,0.10037853867682259,0.09914814736392107,0.09914814736392107,0.09914814736392107,0.09959412994603,0.10070885109621933,0.09885984181946558
0.10405736123923488,0.10013676127124665,0.09955877364935944,0.09984406058229205,0.09955877364935944,0.09928036413378886,0.09984406058229205,0.09941874020372858,0.09955877364935944,0.09874233103933858
0.10401288369996892,0.0994744641946482,0.0994744641946482,0.0994744641946482,0.09975490653645863,0.09975490653645863,0.09920062327158524,0.09989775756354008,0.09975490653645863,0.09920062327158524
0.10470242871810809,0.09948914928834444,0.09948914928834444,0.09981659439239761,0.09981659439239761,0.09948914928834444,0.09917068041073883,0.09965170221450687,0.09981659439239761,0.09855795761442006
0.10412673104162422,0.0996190353066894,0.0996190353066894,0.10022431221224454,0.0996190353066894,0.0996190353066894,0.09932805062965379,0.09947263353446355,0.09932805062965379,0.09904408072560252
0.10381687844921852,0.09944007939684525,0.09970841484546772,0.09970841484546772,0.09944007939684525,0.09917777627024281,0.09944007939684525,0.09984497900856247,0.09998321899365975,0.09944007939684525
0.10318230735916162,0.09941809037768906,0.09965433737164378,0.09941809037768906,0.09989555962389218,0.09989555962389218,0.0991865229325983,0.10026744977694337,0.09989555962389218,0.0991865229325983
0.10364025769073937,0.09981224049044468,0.09981224049044468,0.09981224049044468,0.0995463483324593,0.09903211033396267,0.09981224049044468,0.09941566889893053,0.10008454244816672,0.09903211033396267
0.10363786693502726,0.0996342879464924,0.0996342879464924,0.09989222702327567,0.0996342879464924,0.09989222702327567,0.09938201993883482,0.09950746837101657,0.09989222702327567,0.09889309984581707
0.10375893427530536,0.0999602546768008,0.09968488342304496,0.09968488342304496,0.0994159942181314,0.0994159942181314,0.0994159942181314,0.09954965708663847,0.0999602546768008,0.09915314978397054
0.10337271968577146,0.09983216074317883,0.09983216074317883,0.09983216074317883,0.09957866953359826,0.09933063166096927,0.09983216074317883,0.09996106726662125,0.09957866953359826,0.09884959934672623
0.10549474754249144,0.09940435164286734,0.09976464625694302,0.09940435164286734,0.09976464625694302,0.09905481940064895,0.09940435164286734,0.09922830026823656,0.09976464625694302,0.09871513908919198
0.1034364395761883,0.0993143314817228,0.09982748296567819,0.0993143314817228,0.10009301729346581,0.09956805532529864,0.09956805532529864,0.10022821374876098,0.09982748296567819,0.09882258983618565
0.10606961831624556,0.09946830541434856,0.09946830541434856,0.09946830541434856,0.09946830541434856,0.0990986008200817,0.09946830541434856,0.09928200869409201,0.09946830541434856,0.09873993968348924
0.10306239887561486,0.0996718472188809,0.0996718472188809,0.0996718472188809,0.0999077336642583,0.09944072763088588,0.09944072763088588,0.09978917610395062,0.0996718472188809,0.0996718472188809
0.10474258947239254,0.09945170240090541,0.09945170240090541,0.09945170240090541,0.09977119905474455,0.09977119905474455,0.09914073026933695,0.09961034120388862,0.09977119905474455,0.09883763468743201
0.10334761062471984,0.09994852591619756,0.09994852591619756,0.09994852591619756,0.09969188123592916,0.09895441258446003,0.09969188123592916,0.09956569806971152,0.09994852591619756,0.09895441258446003
0.1034583654861091,0.0997102918759651,0.0997102918759651,0.09945969448391143,0.09996652278114732,0.09996652278114732,0.0997102918759651,0.09958431214840989,0.09945969448391143,0.09897401220746839
0.10312399222812026,0.09981984647582999,0.09981984647582999,0.09934917691800282,0.10006269775830698,0.09981984647582999,0.0991207685216544,0.09970035886646418,0.10006269775830698,0.0991207685216544
0.10344143229362791,0.09998287466424405,0.09971468591641831,0.09945266490164235,0.09998287466424405,0.0991964047018065,0.09945266490164235,0.09984798202467139,0.09998287466424405,0.09894554126745923
0.10397032572432638,0.09956990695597259,0.09985491895001013,0.09956990695597259,0.09985491895001013,0.09902002116369538,0.09956990695597259,0.10000016622437202,0.09956990695597259,0.09902002116369538
0.10335952100761085,0.09943901412036872,0.09919325881289044,0.10020946983841375,0.0996900563034153,0.0996900563034153,0.09943901412036872,0.09981766985966176,0.10020946983841375,0.09895246979544142
0.10337283060679746,0.09963662207973692,0.09987323489465513,0.09963662207973692,0.09963662207973692,0.09987323489465513,0.09963662207973692,0.09952012681863204,0.09963662207973692,0.09917746238657567
0.103568913675831,0.0998456650356489,0.09958665542849847,0.0998456650356489,0.09958665542849847,0.09958665542849847,0.0993333404272398,0.09971542433804541,0.0998456650356489,0.09908536016644184
0.10318095661904231,0.09965170226312937,0.09939981703343218,0.10017286008602257,0.09965170226312937,0.09915323643362124,0.10044298205025066,0.10004027038412978,0.09915323643362124,0.09915323643362124
0.10386850362949879,0.09958219715837187,0.09958219715837187,0.09958219715837187,0.09958219715837187,0.10013151224918695,0.09958219715837187,0.09944891048816304,0.09958219715837187,0.09905789068291995
0.10331707615651406,0.09928238976694059,0.0995263071253933,0.09928238976694059,0.0997754718200534,0.10055820523711721,0.09928238976694059,0.09990213098303055,0.10003023782032582,0.09904340155674383
0.10375797221348525,0.0996560193513897,0.0996560193513897,0.0996560193513897,0.0996560193513897,0.09938645089891607,0.0996560193513897,0.09952045141644603,0.09993208622716684,0.09912294248703754
0.10643988995826989,0.09934545599415315,0.09934545599415315,0.09934545599415315,0.09934545599415315,0.09934545599415315,0.09895959475772491,0.0995432121811631,0.09974440838007316,0.0985856147520032
0.10329046573099229,0.09937732572827655,0.09961928543397564,0.09986645036136332,0.09961928543397564,0.09986645036136332,0.09986645036136332,0.09949767542643768,0.09961928543397564,0.09937732572827655
0.10365329381055673,0.09987564545921673,0.0996048725044177,0.0996048725044177,0.0996048725044177,0.0996048725044177,0.0996048725044177,0.10001350915459516,0.0996048725044177,0.09882831654912515
0.10324766322080065,0.09989541400161278,0.10014748432773084,0.09964888571379994,0.09989541400161278,0.0994075492402309,0.09964888571379994,0.09928872830691723,0.09964888571379994,0.09917108975969481
0.10809164311971534,0.09931408482405012,0.09931408482405012,0.09931408482405012,0.09931408482405012,0.0988849626801477,0.0988849626801477,0.09909760756981315,0.09931408482405012,0.0984703998299256
0.10345557789402149,0.10004529497686904,0.10032548769931848,0.099505185237294,0.099505185237294,0.09898911688325311,0.099505185237294,0.09990782615156583,0.09977202379983711,0.09898911688325311
0.10326979134580969,0.0997801166704955,0.09953641149003296,0.10002917992975388,0.09953641149003296,0.09929773277876641,0.0997801166704955,0.10015583473139912,0.0997801166704955,0.09883428822271852
0.10608808165395495,0.0994242075660969,0.0994242075660969,0.0994242075660969,0.09980748948244784,0.09905310269276325,0.0994242075660969,0.09923720523546485,0.0994242075660969,0.09869308310488446
0.10382570135651681,0.09991822491258998,0.09964181573058763,0.1002016351209275,0.09937191302954057,0.09910807788317236,0.09964181573058763,0.09923926251307569,0.1002016351209275,0.09884991860207457
0.10310065136621935,0.09985562470504544,0.09985562470504544,0.09961354353907546,0.09985562470504544,0.09937645534667035,0.09937645534667035,0.09973394023451233,0.09985562470504544,0.09937645534667035
0.10329658199299635,0.09959016615005331,0.09959016615005331,0.10009131902304648,0.09983795737180873,0.09959016615005331,0.09959016615005331,0.09971338835554125,0.09959016615005331,0.0991099225063406
0.10338866598788571,0.0999394227808329,0.0999394227808329,0.0999394227808329,0.09944266320549638,0.09944266320549638,0.09968834225511741,0.0995648492731069,0.09968834225511741,0.09896620547528112
0.1036299599474492,0.0994923707240883,0.0994923707240883,0.09974775884244234,0.10027657983451642,0.10000902025475959,0.09924247675073879,0.09961935530612433,0.0994923707240883,0.09899773689170445
0.10352954752746725,0.09947245864621705,0.09973403480093651,0.10000176821711021,0.09947245864621705,0.09947245864621705,0.10027611532405886,0.09960250353751385,0.09947245864621705,0.0989661960080451
0.10378726930016163,0.09959067982698798,0.09959067982698798,0.09959067982698798,0.10012681086972515,0.09959067982698798,0.09933176140232632,0.09972234622296894,0.09959067982698798,0.09907841306987805
0.10328143610543725,0.09991218809322878,0.09967132348338695,0.09991218809322878,0.09967132348338695,0.09991218809322878,0.09943542675539101,0.09979111513655604,0.09943542675539101,0.09897738400076452
0.10332799441889445,0.09938647466943944,0.10040803134835997,0.09938647466943944,0.09938647466943944,0.09963333676810432,0.09914470415205417,0.10027506873771627,0.10014371797380617,0.09890772259274634
0.1032221753358084,0.09973045461328536,0.09997007421780053,0.09973045461328536,0.09973045461328536,0.09926574826954754,0.09973045461328536,0.09984962707525663,0.09973045461328536,0.0990401020351601
0.10398280205284746,0.09969257835016393,0.09997456095331644,0.09969257835016393,0.09941739350683437,0.09997456095331644,0.09941739350683437,0.09928220152880197,0.09941739350683437,0.09914853729088667
0.10630058971866593,0.0998379007578725,0.09944222979912366,0.09944222979912366,0.0990595423137249,0.09944222979912366,0.0990595423137249,0.09924934266050935,0.0998379007578725,0.09832849208025911
0.10298168545626915,0.0998062576884601,0.09956823467245159,0.09956823467245159,0.0998062576884601,0.0993350216902253,0.10081321964608414,0.09945104510514742,0.0993350216902253,0.0993350216902253
0.10368611578702475,0.10011689986697125,0.0998385213509762,0.09956685371100846,0.09956685371100846,0.09904184945354157,0.09930143381072092,0.09997684057413678,0.10011689986697125,0.0987877318676404
0.10582863470264807,0.0994485376175957,0.09981887288253481,0.0994485376175957,0.0994485376175957,0.09908960551603792,0.09908960551603792,0.09926771174133504,0.09981887288253481,0.09874108390608428
0.10313820452577625,0.09974189719361357,0.09950251907121645,0.09950251907121645,0.09974189719361357,0.09950251907121645,0.09950251907121645,0.09986349656053299,0.10023644987463814,0.09926797836695968
0.1035436994893434,0.09970268820409181,0.09944039134380243,0.1002462622901606,0.09970268820409181,0.09893273382961984,0.09944039134380243,0.09983612464129307,0.09997115929057993,0.09918386136321465
0.10329883654244718,0.100349961371802,0.09981157540518687,0.10007748408095259,0.09955178202598386,0.09880526558612972,0.0992977004847475,0.09968094059471624,0.10007748408095259,0.09904896982708146
0.10311964988914397,0.10027337471061978,0.09952508355145191,0.10001833425428137,0.09976902724154375,0.09905199129120106,0.09952508355145191,0.10014511301057434,0.09928617124986593,0.09928617124986593
0.1038514990219562,0.09952320695195775,0.10007533273341779,0.09979590171836704,0.09952320695195775,0.09979590171836704,0.0992567835468077,0.09965874265730716,0.09952320695195775,0.09899621774790382
0.10326224869637275,0.10009225887897887,0.10009225887897887,0.09959114874830761,0.09959114874830761,0.09959114874830761,0.09934859662636635,0.09971436044442115,0.09983891883644744,0.09887791139351171
0.10340713854157235,0.10003356481441657,0.10003356481441657,0.09951805749518919,0.10003356481441657,0.09926871598872328,0.09951805749518919,0.09964476133905709,0.09951805749518919,0.09902451720183005
0.10320696794507082,0.10023683679417571,0.09944975106144473,0.09970607599007983,0.09944975106144473,0.09944975106144473,0.09944975106144473,0.10010174746156442,0.10023683679417571,0.09871253076915465
0.10347555863532495,0.09976906206634589,0.09950829124132154,0.10003597119610616,0.10003597119610616,0.09925325374446568,0.09950829124132154,0.09990172217435825,0.09950829124132154,0.09900358726332825
0.10343762446178045,0.09943153030583358,0.09943153030583358,0.09943153030583358,0.10047187051301802,0.09968273344994312,0.09993958372468988,0.09955644920014872,0.09943153030583358,0.09918561742708566
0.10408446121743696,0.09959030411756792,0.09959030411756792,0.09987481240024045,0.09959030411756792,0.0993126544813212,0.09959030411756792,0.09945065287338506,0.09987481240024045,0.09904139015710421
0.10587693295887676,0.09969634519759538,0.09932199156873711,0.09969634519759538,0.09932199156873711,0.09932199156873711,0.09932199156873711,0.09913920362122478,0.09969634519759538,0.09860686155216386
0.10406163723264111,0.09982176431814742,0.0995284856923484,0.0995284856923484,0.0995284856923484,0.0995284856923484,0.09924245187044975,0.0996741848937403,0.10012286782875558,0.09896315108687227
0.10363767845083847,0.09957900374447501,0.0998381853215412,0.0998381853215412,0.0998381853215412,0.09932552055424487,0.09957900374447501,0.0997078581503816,0.09957900374447501,0.09907737564648639
0.10362940727521852,0.09966140512607874,0.09966140512607874,0.09966140512607874,0.09966140512607874,0.09915228323557294,0.09940407623244873,0.09979226320638067,0.10047066602530325,0.09890568352076098
0.10411468963454996,0.09992424891086589,0.09961770277836512,0.10023943522046226,0.0993191229700386,0.09874356961123677,0.0993191229700386,0.09976994007390093,0.09992424891086589,0.09902791891967617
0.10371431014599627,0.09957027002367677,0.10010735088581406,0.09957027002367677,0.09983561218420677,0.09931089289447613,0.09931089289447613,0.09943986090032356,0.09957027002367677,0.09957027002367677
0.1041189355973558,0.09961950149449716,0.09932852862155256,0.10022475384637562,0.09961950149449716,0.09904457023703085,0.09961950149449716,0.0991857042251994,0.09961950149449716,0.09961950149449716
0.10366411492573334,0.0995106382829692,0.09924392590515038,0.09978362882419739,0.10006336292045118,0.09898307748695392,0.1003503664710727,0.09964632099535228,0.0995106382829692,0.09924392590515038
0.1042743744017659,0.09973389726581407,0.09943833599879286,0.09943833599879286,0.10034934420231109,0.09943833599879286,0.09915007592330675,0.09929332702130284,0.09973389726581407,0.09915007592330675
0.10331492570485495,0.10022813901233642,0.09947672455584394,0.10022813901233642,0.09947672455584394,0.09947672455584394,0.09972168644408672,0.09959855395027135,0.09947672455584394,0.09900165765273833
0.10353742052495046,0.09941908179780325,0.09941908179780325,0.09941908179780325,0.10020823755836483,0.09967608085851049,0.09941908179780325,0.09980677121064756,0.09967608085851049,0.09941908179780325
0.10487443241928943,0.09950751530060171,0.09950751530060171,0.09950751530060171,0.1001711360660991,0.09950751530060171,0.09918954969459508,0.09934745814229579,0.09950751530060171,0.09887984717471203
0.10319853069027324,0.09977913427272961,0.09954054017481713,0.09954054017481713,0.09954054017481713,0.09907753569712033,0.10078851220575646,0.09965921583440199,0.10002286118880965,0.09885258958645733
0.10386344326739971,0.0997039752014618,0.09943553527633323,0.09997888634475052,0.09943553527633323,0.09943553527633323,0.0997039752014618,0.09930360367813149,0.0997039752014618,0.09943553527633323
0.10356506451712368,0.100000869914626,0.09973311484950373,0.09947151754371245,0.09947151754371245,0.09973311484950373,0.09921567173716173,0.09934289934564876,0.09973311484950373,0.09973311484950373
0.10427405928977442,0.0995379785180598,0.0995379785180598,0.09984665101403392,0.09984665101403392,0.09923732760482934,0.09984665101403392,0.09969127181068768,0.09923732760482934,0.09894410361165787
0.10586397431999334,0.09936434359204978,0.09936434359204978,0.09973735236783743,0.09936434359204978,0.09936434359204978,0.09900282030094498,0.09954934361870174,0.09973735236783743,0.09865178265648591
0.10311277943289658,0.09948319198690735,0.09971812366125132,0.09971812366125132,0.09995800289383366,0.09971812366125132,0.09948319198690735,0.09983742524669736,0.09971812366125132,0.09925291380775238
0.10354421509529248,0.0997874211328357,0.09952707241045756,0.10005389822404273,0.0997874211328357,0.0990231853830746,0.0997874211328357,0.0996565070729452,0.10005389822404273,0.09877896019163762
0.10365190442715773,0.09940436527388635,0.09992492813535157,0.09940436527388635,0.09966168781418144,0.09992492813535157,0.09940436527388635,0.09979254266365609,0.09992492813535157,0.098905984867291
0.10373879475982425,0.09956744239447064,0.09956744239447064,0.09956744239447064,0.09956744239447064,0.09930203602890432,0.09956744239447064,0.09970246070842469,0.10011746050158939,0.09930203602890432
0.10313152108274846,0.09984982511406112,0.1000973561325049,0.09984982511406112,0.09984982511406112,0.09913789712976526,0.09984982511406112,0.0994884088575375,0.0996076192114341,0.09913789712976526
0.10469522624456751,0.09985332742462737,0.09952694726667684,0.09985332742462737,0.09985332742462737,0.09920951414189151,0.09920951414189151,0.09968897152374925,0.09920951414189151,0.09890033026544953
0.1036392612885147,0.0999259216532314,0.09940540502634965,0.10019548390322314,0.09966270471215137,0.09940540502634965,0.09966270471215137,0.09953334008170817,0.09966270471215137,0.09890706888416925
0.10391465353805972,0.09941802876092819,0.09969983119257439,0.09998877125340853,0.09998877125340853,0.09941802876092819,0.09969983119257439,0.09984337501885551,0.09941802876092819,0.09861068026833456
0.10330489042584448,0.10010822550199247,0.099843057689638,0.099843057689638,0.09958398813566777,0.09908257685066867,0.09933061450558484,0.09971278684830463,0.10010822550199247,0.09908257685066867
0.10301319570084025,0.09998636381705422,0.09974709456658314,0.0995127602933446,0.0995127602933446,0.10048104699929752,0.09905775137088334,0.09986609278340414,0.09998636381705422,0.09883657035819399
0.10646112536179365,0.0993444221177785,0.0993444221177785,0.0993444221177785,0.0993444221177785,0.09895852697479662,0.09895852697479662,0.0995421956820996,0.09974340956060289,0.09895852697479662
0.1032853612285541,0.10023192681095516,0.09974817370102404,0.09974817370102404,0.09951386168032131,0.09951386168032131,0.09951386168032131,0.09939846332134326,0.09998742023033066,0.0990588959658048
0.10304890005431903,0.09955670588891474,0.09931844566289011,0.10030295469875851,0.09979998377101933,0.09931844566289011,0.09979998377101933,0.10017504306992958,0.10004861033737893,0.09863092708288039
0.10320804886353994,0.09968070290378377,0.09943485954824013,0.09993195134783613,0.10018897788359937,0.09943485954824013,0.09968070290378377,0.09931385889094975,0.09993195134783613,0.0991940867621909
0.10340251423450496,0.09974223549789779,0.09974223549789779,0.09999213141207991,0.09999213141207991,0.09949771557535304,0.0992582389262264,0.09937736629325396,0.09949771557535304,0.09949771557535304
0.10353779106814442,0.09994517356936104,0.0994131675213674,0.09994517356936104,0.09967607623107927,0.09890432581475285,0.09994517356936104,0.09954387490412608,0.09967607623107927,0.0994131675213674
0.10373170963126171,0.09977205640549586,0.09950521861024968,0.10032551871348623,0.09950521861024968,0.0989891517401685,0.09977205640549586,0.09963786173792814,0.09977205640549586,0.0989891517401685
0.10369196043870575,0.10017276788519641,0.09931918056896413,0.09988102754112455,0.10017276788519641,0.09904806628935126,0.0995966766286951,0.09973796338414623,0.0995966766286951,0.09878291274992486
0.10385089648868864,0.0998217893880957,0.09955612194079938,0.09955612194079938,0.09955612194079938,0.09955612194079938,0.09929642683745,0.09968818329702227,0.0998217893880957,0.09929642683745
0.10364533254864135,0.09945786932885997,0.09945786932885997,0.10028151606144098,0.09972579575885367,0.09945786932885997,0.09919596602593239,0.09932619010084416,0.09972579575885367,0.09972579575885367
0.1036772759397428,0.09965920660438657,0.09992250397248792,0.09992250397248792,0.09940182829960527,0.09965920660438657,0.09940182829960527,0.0995298024460473,0.09992250397248792,0.09890333988876251
0.10368117244943181,0.09948443506607074,0.10002551046488722,0.09948443506607074,0.0997517507078165,0.0997517507078165,0.0997517507078165,0.09961731572776944,0.09948443506607074,0.09896744403624977
0.10344063072601996,0.09979681432250337,0.09954811874987243,0.09979681432250337,0.09979681432250337,0.09954811874987243,0.09930466063387502,0.09967179067310512,0.09954811874987243,0.09954811874987243
0.10349574370492831,0.10018217384618688,0.10018217384618688,0.0996487450065621,0.0996487450065621,0.09939113158033774,0.0996487450065621,0.09951922263432568,0.09939113158033774,0.09889218778801051
0.10382820483064158,0.09964549996241136,0.09964549996241136,0.09936235581687473,0.10023387731239788,0.09993581572071858,0.09936235581687473,0.09978972722759853,0.09964549996241136,0.09855116338765996
0.10334098058402438,0.0996098118279671,0.09985718051263472,0.10036899347327674,0.0996098118279671,0.09913038710249211,0.0996098118279671,0.09973282391321152,0.0996098118279671,0.09913038710249211
0.1041007552589123,0.10011905861394622,0.09981785072196223,0.09952447042738359,0.09981785072196223,0.09923833744820908,0.09923833744820908,0.09938053148382266,0.09952447042738359,0.09923833744820908
0.10731573109723344,0.09934476588687562,0.09934476588687562,0.09934476588687562,0.09977277714692898,0.09893178671324515,0.09893178671324515,0.09913649582033156,0.09934476588687562,0.09853235896151309
0.1033146211338681,0.10019878757746603,0.09969096910388855,0.09969096910388855,0.09944534655210248,0.0992047900156881,0.09944534655210248,0.10032947880137258,0.09994199188961309,0.09873769927001005
0.10612114274361585,0.09941991075864766,0.09941991075864766,0.09941991075864766,0.09941991075864766,0.09904866944488067,0.09904866944488067,0.09961002424740312,0.09980333359244409,0.09868851749218505
0.10381101519866355,0.1000115395969019,0.09973743482817615,0.09946978229611111,0.09946978229611111,0.1000115395969019,0.0992081467337427,0.09960283042353779,0.09946978229611111,0.0992081467337427
0.10336591600005889,0.09977393906790771,0.09953010102057623,0.09953010102057623,0.09953010102057623,0.10002313811523333,0.09953010102057623,0.09965137148374034,0.09977393906790771,0.09929129218284709
0.10380150302379047,0.09999053825969395,0.09943417016623143,0.09999053825969395,0.09943417016623143,0.0991656996710027,0.09999053825969395,0.09929917214446216,0.09999053825969395,0.098903131789506
0.10400614871174323,0.09976060725384053,0.09947320724401562,0.09976060725384053,0.09976060725384053,0.0991927355915364,0.09976060725384053,0.09933213659196569,0.09976060725384053,0.0991927355915364
0.10355388865901033,0.09987909639274094,0.09987909639274094,0.09987909639274094,0.09987909639274094,0.099356400694442,0.099356400694442,0.09974616851467884,0.09961477753006377,0.09885597833639934
0.10367944219538311,0.09963178716677278,0.09963178716677278,0.10017873945567261,0.0999019267466782,0.0993678601846312,0.09963178716677278,0.09949907381050509,0.0993678601846312,0.09910973592218031
0.10363654708643338,0.09954863983033163,0.09982073609223727,0.09954863983033163,0.09982073609223727,0.09954863983033163,0.09982073609223727,0.099683878064882,0.09954863983033163,0.09902280725064626
0.10327148323483307,0.09978903842220527,0.09978903842220527,0.09978903842220527,0.10004935075179994,0.099534578050695,0.09928559186564258,0.09966110133662237,0.09978903842220527,0.099041741071586
0.1048154115627727,0.09969318467627203,0.09969318467627203,0.09969318467627203,0.09969318467627203,0.0990583785000456,0.09969318467627203,0.09921390414631343,0.09969318467627203,0.098753197733236
0.10329878291147414,0.10002719331226712,0.09953433653574069,0.10002719331226712,0.09977808540434432,0.09953433653574069,0.09977808540434432,0.09965556264673849,0.09953433653574069,0.09883208740134246
