0.06837172071530265,0.06645461381127285,0.06655120470734278,0.06658382960006251,0.0666497475263948,0.06661667568609536,0.06661667568609536,0.06651879659852135,0.06642283101109799,0.06658382960006251,0.06651879659852135,0.06642283101109799,0.06648660100876538,0.06651879659852135,0.06668304984084579
0.0681221938823446,0.06674292194769268,0.066534570159003,0.06662275758521273,0.06662275758521273,0.06665251523258939,0.06671259380272343,0.06662275758521273,0.06647665096816248,0.06650552538609153,0.06644794394239496,0.066534570159003,0.06647665096816248,0.06639102063719116,0.066534570159003
0.0683816219636847,0.06663514258204255,0.06660002541772168,0.06642813755342795,0.06663514258204255,0.06667051892417666,0.06667051892417666,0.06636101463224461,0.06632778439555818,0.06649617383760549,0.0665651618168843,0.06646203919093072,0.06660002541772168,0.06649617383760549,0.06667051892417666
0.0686644041230677,0.06667025613171472,0.0667087856346309,0.06651916102010368,0.06674763226884449,0.066632036117754,0.066632036117754,0.066300859492388,0.06626537317321693,0.0663725792753692,0.06659411825250941,0.06655649548138487,0.06640882341401684,0.06644533115681982,0.06648210834042559
0.06819544058152316,0.0665854213584525,0.06668197224444138,0.06671459530582595,0.06671459530582595,0.06655366265704937,0.06674744571386937,0.0665854213584525,0.06630667734899306,0.06639787563419955,0.0665221095200642,0.06649075800676194,0.06649075800676194,0.0664596043007297,0.06655366265704937
0.06795261591585568,0.0666202941185792,0.06664866178391465,0.06656405504488097,0.0666202941185792,0.06659209283681797,0.06642622277611729,0.06656405504488097,0.066705908275892,0.06667719881296029,0.06656405504488097,0.06642622277611729,0.06664866178391465,0.06645348373467032,0.06653617793193849
0.06833903541317753,0.0665719341883757,0.0668140560703277,0.0665719341883757,0.06663986253014298,0.06647178680178883,0.0666057787626597,0.06650494292391917,0.06647178680178883,0.0665719341883757,0.06650494292391917,0.06627732973911316,0.06640613116458854,0.06650494292391917,0.06674360137952784
0.06835635595035731,0.06654245856632333,0.06657471048883196,0.06647858509897195,0.06654245856632333,0.0665104181386745,0.06657471048883196,0.06641552540606005,0.066446955471523,0.06647858509897195,0.06687524625902234,0.06663986593943001,0.066446955471523,0.06654245856632333,0.06657471048883196
0.06832248736701199,0.06671297672598228,0.06655415821467109,0.06652301148744359,0.06664881602568828,0.06661705650419028,0.06655415821467109,0.06640035355733656,0.06637015377907297,0.06646130390524416,0.06652301148744359,0.06649206127542173,0.0666807879925627,0.0665855052485885,0.06655415821467109
0.0682582072833237,0.06660656263731368,0.06657364751942975,0.06641231056349488,0.06654095405973576,0.06663970398392667,0.06650847783954969,0.06660656263731368,0.06657364751942975,0.06660656263731368,0.06654095405973576,0.06644416016083779,0.06657364751942975,0.06654095405973576,0.06657364751942975
0.06825230938778208,0.06643292758739193,0.06665366551300207,0.06643292758739193,0.0666860381297592,0.06658956994821082,0.06646386066401343,0.06625120879291478,0.0664021848735887,0.06655783845096645,0.06655783845096645,0.06671863324658366,0.06658956994821082,0.06688511507716187,0.06652631234205579
0.06804840194295816,0.06673140395146065,0.06670019319298146,0.06660777315119848,0.06666918710183603,0.06651709188331797,0.06657735771838552,0.06654713179536184,0.06639872599888495,0.06648723458979826,0.06660777315119848,0.0663405755649641,0.06651709188331797,0.06648723458979826,0.06676282348453785
0.06835074260916253,0.06656076766283635,0.06659289873190204,0.06675686777065823,0.0666905991605921,0.06659289873190204,0.06659289873190204,0.06631097647773451,0.06634152955647714,0.06643431014272864,0.06656076766283635,0.0664656224343869,0.0664656224343869,0.0666905991605921,0.06659289873190204
0.06846376952178854,0.06648058007572467,0.06651458729212793,0.06641325737089744,0.0667595681354882,0.0667237898092558,0.06658331772789051,0.06634682647566811,0.06637993265839483,0.06634682647566811,0.06661805117715017,0.06665303724329895,0.06665303724329895,0.06654883150121974,0.06651458729212793
0.06846441338103335,0.06663038895103572,0.06666478496782192,0.06649520243120537,0.06656232622554768,0.06687661585113466,0.06666478496782192,0.06629909859709691,0.06626713895560953,0.06642897975000472,0.06649520243120537,0.0665286493863281,0.06666478496782192,0.06642897975000472,0.0665286493863281
0.0683556459224328,0.06649353302782858,0.06671724453169393,0.06668463980427114,0.0666200935499048,0.06652486692177134,0.06658814317929208,0.06643145463281845,0.06633975676788849,0.06649353302782858,0.06655640232608571,0.06652486692177134,0.06658814317929208,0.06649353302782858,0.06658814317929208
0.06832324721781342,0.0664523135407148,0.06648312657931946,0.06664016504338639,0.06657673967874687,0.06667219487701262,0.06667219487701262,0.06657673967874687,0.06648312657931946,0.06651413280879699,0.06664016504338639,0.06648312657931946,0.06648312657931946,0.06639125287745913,0.06660834803964606
0.06864588576411049,0.06647410829863808,0.06666256038618208,0.06647410829863808,0.06647410829863808,0.06658629936722936,0.06666256038618208,0.06654861574783086,0.06643727163434876,0.06647410829863808,0.06654861574783086,0.0665112209045666,0.06643727163434876,0.06640070484663575,0.06666256038618208
0.0682572911366534,0.06656247462228769,0.06665948296420407,0.06669226059292016,0.06669226059292016,0.06640495516402692,0.06659459442417118,0.06637404031060902,0.06646736275776473,0.06669226059292016,0.06669226059292016,0.06634331339465568,0.06634331339465568,0.06649886281383229,0.06672526664545846
0.06839116249573807,0.06661606034090714,0.06671883042632573,0.06654874922457023,0.06661606034090714,0.06658228791893464,0.06658228791893464,0.06628831152874635,0.06644948844037765,0.06654874922457023,0.06648235403379035,0.06632014006944915,0.06665007144614955,0.06641683836602645,0.06678860822457264
0.06842212906285682,0.06648595351507867,0.06680982936764045,0.06662720041956036,0.06655606512252361,0.0666631662518818,0.06652088411471091,0.06662720041956036,0.06659150200232541,0.06677273044185757,0.06634863244159662,0.06624802982408237,0.06631487832284652,0.06634863244159662,0.0666631662518818
0.06824165309398542,0.06650127998921565,0.06653296707955712,0.06656486060700453,0.06656486060700453,0.06659696465964186,0.06666182138299066,0.06656486060700453,0.06634580684031308,0.06656486060700453,0.06650127998921565,0.06659696465964186,0.06672757280864794,0.06650127998921565,0.06653296707955712
0.06832537160042168,0.06657793817724203,0.0665443693804998,0.06651102973033725,0.06685535054181947,0.06661174091137263,0.0665443693804998,0.0663798722709853,0.06641234012645565,0.0663798722709853,0.06657793817724203,0.06661174091137263,0.06647791459726544,0.06664578254300133,0.0665443693804998
0.06847142861455138,0.06670216624579386,0.06660051149394976,0.06663415692082095,0.06656709891579612,0.0665339144178463,0.06673654055786994,0.06637125706682816,0.06627612683071235,0.06650095339215552,0.06656709891579612,0.06640336732392813,0.0665339144178463,0.06650095339215552,0.06660051149394976
0.06810466159933502,0.06659531320931483,0.06662639557814205,0.06653374055864957,0.06672087384357785,0.06656442945597485,0.06688269901791875,0.06653374055864957,0.06638309525451598,0.06641286233539258,0.06653374055864957,0.06638309525451598,0.06650324287499207,0.06665768044439636,0.06656442945597485
0.0681904056528142,0.0665215907301447,0.06666810090563484,0.06663844036619485,0.06663844036619485,0.06666810090563484,0.06660896235835195,0.06640745964384488,0.06632353552862807,0.06646419719159793,0.06663844036619485,0.06660896235835195,0.06649281053791543,0.0665215907301447,0.06660896235835195
0.06833545100545599,0.06655729677242546,0.06678704993132126,0.06655729677242546,0.06655729677242546,0.06665440833765401,0.06658945075190925,0.06636866195413674,0.06633790234270613,0.06675353670551898,0.06649361727678528,0.06639960970300986,0.06658945075190925,0.06649361727678528,0.06652535364553133
0.06816045832556464,0.06649381094090769,0.06665051013201041,0.06649381094090769,0.06649381094090769,0.06658722179438267,0.06658722179438267,0.06655588587091002,0.06671464809159096,0.06694635262721299,0.06649381094090769,0.066402135727127,0.06646306447217816,0.06643250721787793,0.06652475018313184
0.06830302407473475,0.06645221126049723,0.06654640956083234,0.0665148094777505,0.06657821551417961,0.06654640956083234,0.06661023141465111,0.06632931966497756,0.06642120560122015,0.06657821551417961,0.0666424614754659,0.06661023141465111,0.06661023141465111,0.06677361273304083,0.06648341131833582
0.06819472277166151,0.06667645335732013,0.06683543229792943,0.06649243274831464,0.06655300116091493,0.06664529159345318,0.06664529159345318,0.06631503019197799,0.06634416741626026,0.06655300116091493,0.06643259857970617,0.06664529159345318,0.06652262348217089,0.06637347258260708,0.06677118946986264
0.0682560122522344,0.06687588620811773,0.06657974075485831,0.06654794480319644,0.06654794480319644,0.0667090662122984,0.06657974075485831,0.06630066980235581,0.06627059387509925,0.06636135716625842,0.06654794480319644,0.0668420367813115,0.06651635465706211,0.06648496637109812,0.06657974075485831
0.06820661114692358,0.06674866331325582,0.06671535393834313,0.0664884729369446,0.06655221881394445,0.06664943161109506,0.0667822114742201,0.06636338735723088,0.06627156385598117,0.0664884729369446,0.0664884729369446,0.06671535393834313,0.06645690649121185,0.0664884729369446,0.06658440631167231
0.06829960550446211,0.06655161193123832,0.06652044893366359,0.06655161193123832,0.06667830785766748,0.06664631918935927,0.06664631918935927,0.06648948255394961,0.06639772692982264,0.06655161193123832,0.06655161193123832,0.06652044893366359,0.06652044893366359,0.06642812506007609,0.06664631918935927
0.06827150226650851,0.06648705266571199,0.06658556458621358,0.06648705266571199,0.06648705266571199,0.06658556458621358,0.06665236788013669,0.06689392281490524,0.06672011888054294,0.06661885025103911,0.06655250613525886,0.06639046661701196,0.06645464891678919,0.06635868015145503,0.06645464891678919
0.06819981508349511,0.06642003850757586,0.06651251168420469,0.0666067579938075,0.06654372507752358,0.06651251168420469,0.06657513920626651,0.06635932680097927,0.06651251168420469,0.06648149522671028,0.06700377195767823,0.06663858549301462,0.06651251168420469,0.06667062589231375,0.06645067202381658
0.06829661545729378,0.06653324688801597,0.06676106261693594,0.06653324688801597,0.06659724081031651,0.06656513859258757,0.06650156160875141,0.06653324688801597,0.06643879462203188,0.06666209382677675,0.06653324688801597,0.06637680744026428,0.06669485351120753,0.06640770536918303,0.06656513859258757
0.06820503014722971,0.06659287441385602,0.06675043147094732,0.06659287441385602,0.06665527311858448,0.06656197507699992,0.06662397246641799,0.06641033147773832,0.06644029138700042,0.06653127069448016,0.06659287441385602,0.06638054937680313,0.06638054937680313,0.06653127069448016,0.06675043147094732
0.06824870042054079,0.06677946156794394,0.06681428685125938,0.06650972754181357,0.06684937697707062,0.06660910836978538,0.06681428685125938,0.06644457445286779,0.06616134930721576,0.06638026215463119,0.06644457445286779,0.06647704383417602,0.06634841130696946,0.06650972754181357,0.06660910836978538
0.06847032513290856,0.06661265976260913,0.06664718287199041,0.06654434554670974,0.06654434554670974,0.06664718287199041,0.06657838237867866,0.06641050635860281,0.06637760066130431,0.06654434554670974,0.06654434554670974,0.06651054427224183,0.06651054427224183,0.06641050635860281,0.06664718287199041
0.06824393815234484,0.06662328153992987,0.06672036811124053,0.06655963254298411,0.06662328153992987,0.06646568937192938,0.06659135235220817,0.06649680492666891,0.06659135235220817,0.06662328153992987,0.06662328153992987,0.06634313061940389,0.06646568937192938,0.06637349173140593,0.06665542430795708
0.06805728419828369,0.06641177386470494,0.0665563806329159,0.0666452426336063,0.06658582012174583,0.0665563806329159,0.06667523245146982,0.0666452426336063,0.06661543967364805,0.06652711796263097,0.06652711796263097,0.06649802896264652,0.06661543967364805,0.06652711796263097,0.0665563806329159
0.06908614336554295,0.06646613554155373,0.06667740078983782,0.06654954376570638,0.06654954376570638,0.06659178722456531,0.06650766293177109,0.06654954376570638,0.06626350439830378,0.06646613554155373,0.06646613554155373,0.06634358780722129,0.06642495279485838,0.06646613554155373,0.06659178722456531
0.06815540894709525,0.0664523718708147,0.06653993647237501,0.06656947532260124,0.0666290983917399,0.06659919484363173,0.06671994836788796,0.0664523718708147,0.06636632169724731,0.0665105750374751,0.0665105750374751,0.06665918942841859,0.06678150164301641,0.06639484164098845,0.06665918942841859
0.06821656767588972,0.06646478202191096,0.06668411242488322,0.06646478202191096,0.06658889639857589,0.06655757131407848,0.06662042556176016,0.06658889639857589,0.06655757131407848,0.06658889639857589,0.06640387435187807,0.06662042556176016,0.06649551785555537,0.06665216284501138,0.06649551785555537
0.06823469117589258,0.06652148434317892,0.06667534993693154,0.06664418093744354,0.06652148434317892,0.06661321368541227,0.066551869075483,0.06652148434317892,0.06643143853733778,0.06664418093744354,0.06652148434317892,0.06643143853733778,0.06661321368541227,0.06646127243317751,0.06661321368541227
0.06797088783136575,0.066548425865523,0.06687916682034245,0.066548425865523,0.066548425865523,0.06651946332304573,0.06657756132331043,0.06649067065324847,0.06646204490169855,0.06684811250346664,0.06643358319862244,0.06634915488304972,0.06651946332304573,0.066548425865523,0.06675618777671205
0.06819886682098668,0.06659857378454598,0.06669749206464975,0.06659857378454598,0.06673092767346715,0.06656604818038571,0.06656604818038571,0.06673092767346715,0.06643806516862467,0.06679852319403222,0.06640657901236617,0.06625202013280515,0.06631328325272161,0.06640657901236617,0.06669749206464975
0.06826998499888574,0.06652629972457397,0.06655742557389431,0.06646463350547384,0.06658875159563736,0.06655742557389431,0.06655742557389431,0.06646463350547384,0.06637354447798108,0.06646463350547384,0.0667161376278526,0.06655742557389431,0.06668397047080547,0.0664037240130852,0.06681398427917995
0.068165838362082,0.06659067310606918,0.0666213902313747,0.0665298166468696,0.06684216681827328,0.0665601497854659,0.0666213902313747,0.06641031726242964,0.06632252773265929,0.06646970697754809,0.0665298166468696,0.0666213902313747,0.06643992374008799,0.06671474244205558,0.0665601497854659
0.06853481682207549,0.06650435242194117,0.06660950800469471,0.06657420303876171,0.06679006182093246,0.06653915299233372,0.06653915299233372,0.06636754252647964,0.06633391405751635,0.06643547888120827,0.06650435242194117,0.06668090548391278,0.06660950800469471,0.06636754252647964,0.06660950800469471
0.0683798594150415,0.0665729865773163,0.06653984226864887,0.06644173090043201,0.0668467643792701,0.0666063586899628,0.06653984226864887,0.06631384243687995,0.0664094532784944,0.06650692116159633,0.0668467643792701,0.06653984226864887,0.06647421880670902,0.06644173090043201,0.06653984226864887
0.06826241620467385,0.06662343368361488,0.06672320519392003,0.06655805465463341,0.06668971462014174,0.06659063372779346,0.06672320519392003,0.06642986125097332,0.06633583338450992,0.06636698192162516,0.06655805465463341,0.06646159941425324,0.06646159941425324,0.06668971462014174,0.06652569206091262
0.06835513718791636,0.06647746315329463,0.06657616624605119,0.06660951650504535,0.06667691919411821,0.06664309917846145,0.06657616624605119,0.06654304364185916,0.06664309917846145,0.06647746315329463,0.06647746315329463,0.06638068966968687,0.06651014409311896,0.06647746315329463,0.06657616624605119
0.06843175514806273,0.06659860347474227,0.0665651776921459,0.06653198007988922,0.0666661588011268,0.0665651776921459,0.0665651776921459,0.06633733817533037,0.06636925844769931,0.06659860347474227,0.06653198007988922,0.06649900602820642,0.06649900602820642,0.06640138139457284,0.06683939579109444
0.0683727217531696,0.06650829353388578,0.06654165173474663,0.06644224658004706,0.06657523920968789,0.0666090607521839,0.06654165173474663,0.06644224658004706,0.06647515997504046,0.06650829353388578,0.06650829353388578,0.0666090607521839,0.0666090607521839,0.06678185959926511,0.06647515997504046
0.06845891103843889,0.06652955233751819,0.06649611154595637,0.06687745467952223,0.06659712825118659,0.06656322297081413,0.06656322297081413,0.06639712255067201,0.06630004384960457,0.06659712825118659,0.06652955233751819,0.06670030262709767,0.06642990106818433,0.06639712255067201,0.06656322297081413
0.06820599278815866,0.06672243918056506,0.06669157896631107,0.06660018162006705,0.06666091850084092,0.06675350309923765,0.06663045395490709,0.06636451347499744,0.06633582169891243,0.06648094416391089,0.06654019932259989,0.06657009790341409,0.06651048250112954,0.06642239032381861,0.06651048250112954
0.06815506472591072,0.06659441890331637,0.06662362855155024,0.06659441890331637,0.06659441890331637,0.06674228743083248,0.06656538469316604,0.06636680619049738,0.06639469491644066,0.0664793039088871,0.06653652279743374,0.06662362855155024,0.06674228743083248,0.0664793039088871,0.06650783018406271
0.06837951787932131,0.06661706957120499,0.06658330423163726,0.06661706957120499,0.06668532128221087,0.06645053260242022,0.06665107354398843,0.06641788937510659,0.0663212113571009,0.0663532327390448,0.06675456952672564,0.06645053260242022,0.06645053260242022,0.06661706957120499,0.06665107354398843
0.06839213397604185,0.06646007481596894,0.0666262925563637,0.06659259194029289,0.06672884413513631,0.0666262925563637,0.06649287053155138,0.06646007481596894,0.06649287053155138,0.06659259194029289,0.06646007481596894,0.06642749416121789,0.06642749416121789,0.0665258856238062,0.0666944134382571
0.06839624215086576,0.06647483976502862,0.06650711197608057,0.06660522400309127,0.06660522400309127,0.06670537361022202,0.06663837455004848,0.06634780038453812,0.06644277644218642,0.06641091800310081,0.06660522400309127,0.06657229974766629,0.06670537361022202,0.06641091800310081,0.06657229974766629
0.06823065427779743,0.06640930814696495,0.06662299270179536,0.06659188830764859,0.06659188830764859,0.06668581342575404,0.06656098266973023,0.06646942125297393,0.06643927416571908,0.06653027202590377,0.06659188830764859,0.06649975273124126,0.06662299270179536,0.06659188830764859,0.06656098266973023
0.06811151036491868,0.06652082471078276,0.06661033520216443,0.066640543877555,0.06658031474831728,0.06655047904098822,0.0666709443598402,0.06646204720590806,0.0663751626417418,0.06658031474831728,0.06701916128896394,0.06655047904098822,0.06643291778180305,0.06646204720590806,0.06643291778180305
0.06826644530755731,0.06653625587374286,0.06675519355675151,0.06653625587374286,0.06659779688396504,0.06662886328044233,0.06656692900091209,0.06641543976638477,0.06644536917812863,0.06659779688396504,0.06659779688396504,0.06644536917812863,0.06644536917812863,0.06653625587374286,0.06662886328044233
0.06813138206643655,0.06657197161796986,0.06672618888215794,0.06663306335566332,0.06663306335566332,0.06648174842942867,0.06660242081977034,0.06669494347167426,0.06648174842942867,0.06651163887225713,0.06651163887225713,0.06648174842942867,0.06642250292845518,0.06645203751365113,0.06666390295575796
0.06837206092731805,0.06662501631048717,0.06672475495990847,0.06662501631048717,0.06662501631048717,0.06659222715770495,0.06672475495990847,0.06630656175353485,0.06639998010399951,0.06649516709606923,0.06649516709606923,0.06659222715770495,0.06646323534308628,0.0664315076331321,0.06652730688010214
0.06856401472653373,0.06655713211686123,0.06666420979293042,0.06655713211686123,0.06662825183650219,0.06659256123660122,0.06659256123660122,0.06628247270289947,0.06624916427280557,0.06655713211686123,0.06662825183650219,0.06645235799462558,0.06645235799462558,0.06670044120571038,0.06652195881307879
0.06822284648374727,0.0665262347624889,0.06649606625210588,0.0665262347624889,0.06658713571887406,0.06674284980966129,0.0665565900801491,0.06640664800217533,0.06631879428222615,0.0665262347624889,0.06658713571887406,0.06667995140308967,0.0666178753040079,0.06664881257747356,0.0665565900801491
0.06835984636200441,0.06667930618858624,0.0665800076748309,0.06661287967252003,0.06654735704495014,0.0665800076748309,0.06651492336998438,0.0663558646395306,0.06638727489069587,0.06661287967252003,0.06654735704495014,0.06651492336998438,0.0665800076748309,0.06654735704495014,0.0665800076748309
0.06804447187772318,0.06648250943213616,0.06650976066980312,0.06653716372847442,0.06659243564630109,0.06662030985992219,0.06656472117423978,0.0663749737753538,0.06640164202299983,0.06642845250432633,0.06682014768845111,0.06673346127602722,0.06656472117423978,0.06670491931007984,0.06662030985992219
0.06850957796557702,0.06651180672135734,0.06654705280092912,0.06658255522575787,0.06658255522575787,0.06654705280092912,0.06647681151312791,0.06651180672135734,0.06661831967176655,0.06651180672135734,0.06644206189441024,0.06640755276615165,0.06661831967176655,0.06644206189441024,0.06669065840534381
0.06842351490232405,0.06676054896667669,0.0667955159194121,0.06648971766123105,0.06662322491453489,0.0665895027708889,0.06652275384315612,0.06635972560823111,0.06632774519116794,0.06648971766123105,0.06648971766123105,0.06639190908168145,0.0665895027708889,0.06648971766123105,0.06665718538611366
0.06838007992906221,0.06647089345914571,0.06670161095519694,0.06666796668382977,0.06660138156558894,0.06656843108161713,0.06656843108161713,0.0663437528748984,0.06637523812223141,0.06666796668382977,0.06653570249399889,0.06650319137930445,0.06643880459360395,0.06640692077503595,0.06676962832103936
0.06836791901972371,0.06649626982880603,0.0665279891391628,0.06668976933348957,0.066624403458161,0.06659205179316209,0.06665697446401807,0.06643343542815927,0.06634063859195088,0.06643343542815927,0.0667560495501008,0.0665279891391628,0.06646475320397548,0.06649626982880603,0.06659205179316209
0.0683131076283406,0.06687747766583144,0.06677363707105184,0.06653991252360214,0.06667206290777787,0.06644309799822391,0.06663868349109626,0.06641124161383037,0.06637958622210885,0.06641124161383037,0.06653991252360214,0.06644309799822391,0.06644309799822391,0.06647515925316018,0.06663868349109626
0.0684267396049494,0.06661454470314927,0.0667188320181638,0.06654625722533063,0.06661454470314927,0.06658028073533502,0.06658028073533502,0.0662821603836277,0.06644558036112021,0.06654625722533063,0.06647891177913544,0.06631442660167469,0.06664905430023776,0.06641247042167944,0.06678965920178173
0.06837665491244373,0.06645661657660377,0.06668799848180217,0.06665425732328066,0.0665874804564192,0.0666207529535959,0.06655443508322864,0.06632910985901767,0.06642443530309058,0.06686044103398417,0.0665874804564192,0.06642443530309058,0.06648900750675941,0.06639245966703554,0.06655443508322864
0.0683460982697149,0.06663378858762548,0.06680570084232376,0.06656672543083722,0.06663378858762548,0.06660014057592821,0.06666767440333526,0.06637086853622522,0.06646783030183788,0.06656672543083722,0.06643530050327678,0.06653353838347241,0.0664029812602111,0.06643530050327678,0.06653353838347241
0.06817629219594877,0.06664367754862578,0.06680375298205486,0.06651937389072246,0.06658112726138582,0.06673906706511464,0.06667526135173855,0.06633860708679613,0.06642817357109217,0.06664367754862578,0.06658112726138582,0.06636828643217807,0.06642817357109217,0.06639814088150058,0.06667526135173855
0.06821036609635338,0.06684158173018927,0.06674149017040029,0.06651586729352375,0.06657925968014522,0.0666112686883568,0.06667593340261266,0.06645328255217393,0.06630016103973456,0.06651586729352375,0.06664349181080806,0.0666112686883568,0.06642228356767592,0.06633041741228426,0.06654746057386125
0.06845532124915374,0.06659325519719589,0.06649215751343836,0.06659325519719589,0.06673143570433307,0.06649215751343836,0.0666274274715512,0.06639308916510996,0.06636049670664725,0.06645891529329494,0.06666184471785473,0.06669651228129864,0.06642589395902943,0.06645891529329494,0.06655932273716372
0.06845326709648329,0.0665217777364302,0.06662226879846023,0.06658853994514544,0.06658853994514544,0.06662226879846023,0.06662226879846023,0.0665217777364302,0.06648873498132159,0.06665623602712774,0.06645591178669777,0.06635871706390353,0.06648873498132159,0.06645591178669777,0.06655504451791465
0.06846882890180903,0.06644932820359398,0.06655416611804837,0.06651897139883396,0.06666130898886592,0.06669756246131255,0.06662532913926625,0.06631288531853154,0.0664840271853938,0.06638064574221574,0.06673409589582645,0.06662532913926625,0.06655416611804837,0.06644932820359398,0.0664840271853938
0.06823762075380578,0.06667053465594679,0.0666380562122013,0.06647885966106412,0.06660579648597884,0.06676932818489201,0.0666380562122013,0.06647885966106412,0.06651028672018225,0.06660579648597884,0.06654191588882345,0.06638575347555388,0.06657375111721857,0.06635509776490651,0.06651028672018225
0.0683066967784114,0.06649573354065462,0.06659152591936421,0.06643289230803624,0.06649573354065462,0.06678904036202057,0.066656455649249,0.06643289230803624,0.06640176628028956,0.06655938572852017,0.06662388110195308,0.06640176628028956,0.06652745629984556,0.06649573354065462,0.06678904036202057
0.06823142652811205,0.06652508465573717,0.06655582782258122,0.06652508465573717,0.06658676619001873,0.06649453304069862,0.06649453304069862,0.06640399267429477,0.06643399042749772,0.06646416944095555,0.06671254886273183,0.06680913293492499,0.06649453304069862,0.06671254886273183,0.06655582782258122
0.0684071074566952,0.06642199551478553,0.06659409450913938,0.0666292548079133,0.06655918808530123,0.06666467460284889,0.06659409450913938,0.06655918808530123,0.06645593879370837,0.06655918808530123,0.06649011536800867,0.06659409450913938,0.06645593879370837,0.06655918808530123,0.06645593879370837
0.06827248354051423,0.06656748674392247,0.06666439516641089,0.06650394045617783,0.06663187481440049,0.06659957346213327,0.06659957346213327,0.06663187481440049,0.0664724728454394,0.06650394045617783,0.06656748674392247,0.0664724728454394,0.06653561043722953,0.06644120377446891,0.06653561043722953
0.06823636459187167,0.06656493034559659,0.06665937896910984,0.06656493034559659,0.06656493034559659,0.06659620810464159,0.06659620810464159,0.06638133254763548,0.06641146558638582,0.06656493034559659,0.06662768963405453,0.06647228123805432,0.06647228123805432,0.06662768963405453,0.06665937896910984
0.06810346940310735,0.0665989255602313,0.06675228692453124,0.06665967824112892,0.0665989255602313,0.0666903466826285,0.06675228692453124,0.06647965708558128,0.06639205888071029,0.0664210880132626,0.06647965708558128,0.06639205888071029,0.06645028641619787,0.06653892765893808,0.0666903466826285
0.06838500361798293,0.06662863463238698,0.0667959315101249,0.06649888322807941,0.06656332636786608,0.06666162427964172,0.06659587017833449,0.06631041995424715,0.06634134562392588,0.06649888322807941,0.06649888322807941,0.06653099880252554,0.06653099880252554,0.06656332636786608,0.06659587017833449
0.0681567368329731,0.06651481210375004,0.0665441482425058,0.06669355446428218,0.06657366164373693,0.06672400504999695,0.0665441482425058,0.06645665908163122,0.06637068304400445,0.06639917841658242,0.06657366164373693,0.06660335556011662,0.06642783615989842,0.06669355446428218,0.06672400504999695
0.06860142105320212,0.06659059173873845,0.06655514819024978,0.06651996056190147,0.06673504171662452,0.06655514819024978,0.06662629687387764,0.0663139160028509,0.06648502338885669,0.06645033139804414,0.06651996056190147,0.06641587949886725,0.06648502338885669,0.06651996056190147,0.06662629687387764
0.06844124569711842,0.06654113011015293,0.06664550031369589,0.06654113011015293,0.06675219933698918,0.06664550031369589,0.06643894258545976,0.06640534201158403,0.06637196470475323,0.06654113011015293,0.06661045903120744,0.0665756707642977,0.06643894258545976,0.06640534201158403,0.06664550031369589
0.06839289627228193,0.06652033692232724,0.06662224908293778,0.06652033692232724,0.06658803995125886,0.06662224908293778,0.06676159247862186,0.06638765802531293,0.06629039671206947,0.06645355515184241,0.06658803995125886,0.06669140840575863,0.06655407089256059,0.06652033692232724,0.06648683322617721
0.06838684724815801,0.06652978817169546,0.06656300064451802,0.06659644138981834,0.06666402695664218,0.06656300064451802,0.06656300064451802,0.06646402974939533,0.06630332355160515,0.06646402974939533,0.06646402974939533,0.06698085303190285,0.06649679935952137,0.06646402974939533,0.06649679935952137
0.06856467100074762,0.0665838846543562,0.06669358989828171,0.06651210760732382,0.06673072758170993,0.0665478641823881,0.0665478641823881,0.0664413634851408,0.0662687449310553,0.0665838846543562,0.06651210760732382,0.0665478641823881,0.06647660921260824,0.06651210760732382,0.06647660921260824
0.06799199950027605,0.06654478162758452,0.06663072012403431,0.06660190394119393,0.06648831975413817,0.06668887804672365,0.06646032943567304,0.06665971042753668,0.06668887804672365,0.06665971042753668,0.06660190394119393,0.06640481662897026,0.06657325877880671,0.06648831975413817,0.06651646956547023
0.06844690210673052,0.06649151414730917,0.06645781370638357,0.06649151414730917,0.0666987566126287,0.06666359021902432,0.06666359021902432,0.06629262740591912,0.06626022365214969,0.06649151414730917,0.06655961475080015,0.06673418643595676,0.06659402476980517,0.06662868146508659,0.06652544621456362
0.06830058564691664,0.0665339438999234,0.06656502121430638,0.06659629838898064,0.0665339438999234,0.06662777933021573,0.06662777933021573,0.0665339438999234,0.06644187387239624,0.06659629838898064,0.06659629838898064,0.06644187387239624,0.06656502121430638,0.06641155932231883,0.06662777933021573
0.06817597384367838,0.06655082237706568,0.06664554496779518,0.06648868294135654,0.06661376371145414,0.06670974957689776,0.06670974957689776,0.06642731551402645,0.06633665092568153,0.06642731551402645,0.06655082237706568,0.06670974957689776,0.06658219086353748,0.06661376371145414,0.06645790452216495
0.06848273229480972,0.06646964847370146,0.06671339553072926,0.06660742329016266,0.06653805068713609,0.06657261310426038,0.06657261310426038,0.06640217703275812,0.06643579877729841,0.06653805068713609,0.06660742329016266,0.06636877869593634,0.06650373082228042,0.06640217703275812,0.06678538717660977
0.06818258637687406,0.0666918911944243,0.06672235247651921,0.06651308604704624,0.06657195625911662,0.06654243249071025,0.06660166060608114,0.06634056067470942,0.06636890635907218,0.06657195625911662,0.06657195625911662,0.06648391377086728,0.06654243249071025,0.06657195625911662,0.06672235247651921
0.06830781263092849,0.06677590903069083,0.06654560440238692,0.06664294906150484,0.06664294906150484,0.06654560440238692,0.06661028231800041,0.06632568336699705,0.06629503511508952,0.06645016279553996,0.06657783556007414,0.06661028231800041,0.066481772058821,0.06657783556007414,0.06661028231800041
0.06860637295489706,0.06655438301464443,0.06680823486536079,0.06655438301464443,0.06662554286931868,0.06651918986149076,0.06651918986149076,0.06634687872290258,0.06638087035995448,0.06655438301464443,0.06648424720296457,0.06638087035995448,0.06644954976516665,0.06655438301464443,0.06666152111792163
0.0681785697423156,0.06653702173097277,0.0666320123209244,0.06672892249463759,0.06672892249463759,0.06650576550433272,0.06656847896850078,0.06629229493355933,0.06650576550433272,0.06653702173097277,0.06660014114567477,0.0664438409830003,0.0664438409830003,0.06672892249463759,0.06656847896850078
0.0682922627340794,0.06645273500354154,0.06648393177769231,0.06664296519539624,0.0667080785183142,0.06667541035751598,0.06654692338986261,0.06632985634189645,0.06636029670402474,0.06651532663256972,0.0667080785183142,0.06661073852667318,0.06648393177769231,0.06657872599575385,0.06661073852667318
0.06820138183577591,0.06652803179652744,0.06649824100765195,0.0666490514538885,0.06677321605099255,0.06661851107940706,0.06667978823556472,0.06640992956228185,0.06638083574251528,0.06640992956228185,0.06658816339444729,0.06661851107940706,0.06649824100765195,0.06658816339444729,0.06655800479715947
0.06800012900883215,0.06696558812045063,0.06669486278632954,0.06649455773568615,0.06660799850169584,0.06669486278632954,0.06669486278632954,0.0665509483155734,0.06635632332300755,0.06643880439886891,0.06649455773568615,0.0664666027601755,0.06652267200267448,0.06649455773568615,0.06652267200267448
0.06845689643630132,0.06656989265462174,0.06660472234220656,0.06663980534662327,0.06650097178277617,0.0665353108746222,0.06660472234220656,0.06643300168027906,0.06633274614003648,0.06663980534662327,0.06656989265462174,0.0663993610998558,0.06660472234220656,0.06643300168027906,0.06667514727674036
0.06816773052910818,0.06653176136588758,0.06661999940512782,0.06664977413118314,0.06659040791337648,0.06661999940512782,0.06650269992343441,0.066416526539459,0.06644508543226733,0.06653176136588758,0.06653176136588758,0.06656099631411426,0.0666797355381235,0.06653176136588758,0.06661999940512782
0.06811947184176632,0.06648400111219895,0.0666919748620891,0.06660174586755893,0.06660174586755893,0.06675309479778199,0.06651317287308532,0.06654251879838029,0.06645500045111179,0.06660174586755893,0.06648400111219895,0.06639750061050663,0.06645500045111179,0.06648400111219895,0.0668150243748931
0.06822035052658833,0.0665395968065654,0.06657024898724087,0.0665395968065654,0.06660109579080241,0.06669484210580642,0.06669484210580642,0.06635957465221466,0.06644877217692814,0.06660109579080241,0.0665395968065654,0.06650913561078688,0.06657024898724087,0.06647886187386175,0.06663214097222468
0.06848974395058569,0.06659787209790421,0.06656299294942941,0.06659787209790421,0.06652836206058813,0.06656299294942941,0.06663300492294069,0.06639221922647154,0.06649397420453657,0.06645982433530598,0.06652836206058813,0.06642590757915928,0.06656299294942941,0.06645982433530598,0.06670405428042127
0.06847749654968581,0.0667604009612168,0.06665548515436456,0.06648557156051672,0.0666210219900388,0.06665548515436456,0.06651908381043087,0.06641921960009946,0.06632130769833822,0.06655282639321917,0.06655282639321917,0.06645228499002087,0.06645228499002087,0.06641921960009946,0.06665548515436456
0.06831572121013975,0.06647546734052587,0.06650773546309459,0.06654021658350882,0.06667235874832741,0.06684288810759326,0.06650773546309459,0.06647546734052587,0.06637990025383014,0.06647546734052587,0.06641155367668135,0.06670597197998059,0.0666389814077453,0.06641155367668135,0.0666389814077453
0.06827781491070402,0.06647577961575793,0.0667002959041438,0.06653887508136533,0.06660279542934715,0.0667002959041438,0.06650722623091697,0.06641347789860967,0.0664445314078986,0.06647577961575793,0.06647577961575793,0.06638261549328424,0.0665707301197919,0.06666757388378133,0.06676642888873958
0.06831084030386694,0.06647027414806515,0.06650136095784334,0.0665958210392194,0.06665983380444748,0.06662772073033485,0.06656413053317496,0.06647027414806515,0.0663781616809424,0.06653264515014065,0.06665983380444748,0.06656413053317496,0.06669216460179739,0.06640867803130462,0.06656413053317496
0.06859263416575903,0.06644733027705316,0.06677856594779996,0.06659174486410316,0.06666559388114067,0.06655523999479286,0.06648303855931752,0.06630698616574389,0.0662042016339898,0.0663766708449301,0.06666559388114067,0.06662852734897823,0.06648303855931752,0.06666559388114067,0.06655523999479286
0.06838968745570213,0.06649465296229926,0.06672125013730372,0.06662282859536575,0.06655831909369549,0.06652638267061921,0.06659046632511036,0.06649465296229926,0.06640066511763972,0.06662282859536575,0.06649465296229926,0.06640066511763972,0.0664631260059482,0.06643179796379653,0.06678802403491567
0.06847439559270728,0.06658305313643037,0.06648174214610433,0.06651528035844945,0.06658305313643037,0.06661729751105851,0.06668652808323249,0.06665178737450254,0.06641533878185128,0.06651528035844945,0.06651528035844945,0.06654904908211097,0.06648174214610433,0.06644842978801468,0.06648174214610433
0.0682116543137763,0.06652710778291142,0.06655745769482044,0.06664966376893101,0.06652710778291142,0.06655745769482044,0.06649694464501249,0.06664966376893101,0.06649694464501249,0.06683963067455918,0.06646696487475187,0.06655745769482044,0.06649694464501249,0.0664075423189084,0.06655745769482044
0.06869489465109994,0.06657535420441278,0.06653872563025554,0.06657535420441278,0.06657535420441278,0.06668693733202223,0.06661226133489674,0.0663595513592193,0.06625502448447138,0.06643045023650136,0.06657535420441278,0.06646627952420078,0.06646627952420078,0.0666494534752253,0.06653872563025554
0.06804200712654597,0.06659560785835025,0.06662590886909502,0.06659560785835025,0.06665640227300833,0.06650582377063173,0.06662590886909502,0.06647625745279816,0.0664468666073754,0.0664176481467384,0.06653556874178879,0.06668709178204553,0.06656549564446385,0.06671798122908147,0.06650582377063173
0.06823682406655245,0.06647839274962719,0.06656867714111246,0.06653839713297191,0.06659914699814388,0.06669173241283398,0.06675447477265163,0.06653839713297191,0.06638972578480816,0.06666067084056852,0.06647839274962719,0.06650830346865215,0.06644866167943539,0.06647839274962719,0.06662981032041608
0.06842040465002078,0.06673096738520941,0.06662846213734783,0.06652810056678977,0.06673096738520941,0.06656132448113346,0.06669655224348377,0.0664623194910612,0.06630155793083638,0.06639739840963464,0.06652810056678977,0.06649510039014447,0.06649510039014447,0.0664623194910612,0.06656132448113346
0.06830677229488658,0.0666742570830045,0.0666418040486124,0.06654573894015159,0.0666742570830045,0.06670693317018195,0.0666418040486124,0.06635906697249037,0.06638969869979078,0.0666742570830045,0.06654573894015159,0.06657754926240973,0.0664515277006043,0.06635906697249037,0.0664515277006043
0.06890455355851845,0.06660433972907145,0.06672649200389798,0.06644612635379561,0.06668542502833122,0.06656430392476012,0.06656430392476012,0.0662178056429883,0.06633068760313163,0.06644612635379561,0.06652459495974442,0.06640735187737352,0.06664471057855854,0.06636887453651293,0.06656430392476012
0.06899960829896909,0.06658708136298187,0.06654690233325963,0.06675124765834532,0.06658708136298187,0.06654690233325963,0.06654690233325963,0.06635077380945321,0.06623665174857997,0.0664283019899429,0.06650705131207872,0.06638938880042601,0.06654690233325963,0.0664283019899429,0.06654690233325963
0.06916921200712839,0.06653195370732308,0.06666255371572154,0.06644678875360394,0.06653195370732308,0.06657509655465255,0.06657509655465255,0.06628068393507158,0.0662399885389942,0.06644678875360394,0.06653195370732308,0.06640474764813407,0.06640474764813407,0.06644678875360394,0.06675164601472998
0.06845915968109398,0.06666783457139659,0.06656829620695283,0.06660124760533968,0.06660124760533968,0.06656829620695283,0.06663442548181492,0.0664067814182689,0.06637509788623312,0.06647075587769659,0.06653556671107742,0.06650305469416097,0.06650305469416097,0.06647075587769659,0.06663442548181492
0.06831173108045561,0.0666343724542077,0.06666732266579359,0.06656914225887835,0.06670050250391343,0.06660164716662913,0.06660164716662913,0.0665047761541172,0.06640977456289253,0.06656914225887835,0.06644124068415398,0.06647290659633402,0.06647290659633402,0.06644124068415398,0.06660164716662913
0.06877827924277602,0.06648554990273131,0.06659919777304474,0.06648554990273131,0.06656102031210266,0.06659919777304474,0.06667647273733902,0.06641121458074795,0.06644824355064413,0.06648554990273131,0.06648554990273131,0.06644824355064413,0.06644824355064413,0.06641121458074795,0.06667647273733902
0.06877906088420163,0.06642448024543911,0.06669728486900403,0.06650088307074511,0.06650088307074511,0.0666177618786112,0.06653953220360767,0.06627507158830816,0.06638671298373928,0.06657848931229635,0.06665735769228105,0.06653953220360767,0.06646253472306071,0.06650088307074511,0.06653953220360767
