0.21637204312703354,0.19493642477736026,0.19599205449467957,0.19599205449467957,0.19670742310624711
0.21409983347048134,0.19623250119228033,0.19530273490156236,0.1978189134581592,0.1965460169775168
0.21699947137743,0.19474814510347446,0.1965721438232579,0.19510809587257974,0.1965721438232579
0.22007912664444984,0.1941070245218648,0.1960551168993326,0.19449117323534507,0.19526755869900767
0.21516026586113984,0.19480118902294527,0.1964492875136705,0.1978052218377753,0.19578403576446912
0.21187059841430525,0.1981923927207995,0.19542329590477403,0.1966362630020548,0.19787744995806644
0.21605047535549315,0.19553007647446735,0.195894427878215,0.195894427878215,0.19663059241360947
0.21646347437287639,0.1956229698530763,0.19666543774097803,0.19527989370430557,0.19596822432876376
0.21624082741117656,0.1950249731201749,0.19736541901562207,0.19535318516924732,0.19601559528377915
0.21486340969822929,0.19619233292250615,0.19582998763599951,0.19655713487163257,0.19655713487163257
0.21516360700254053,0.1948721148618303,0.20016874704503199,0.1932162549427892,0.19657927614780796
0.21353948898100833,0.195737452684783,0.19669229347847625,0.1973384713772562,0.19669229347847625
0.2165655085076053,0.1947416876866415,0.19853347821801048,0.19440980294699434,0.1957495226407484
0.21785373801603247,0.195258211185341,0.19708956121964713,0.1948992447894897,0.1948992447894897
0.21813331068633648,0.19451082141678347,0.19625072846570615,0.1948544109654677,0.19625072846570615
0.2166386269113926,0.1947567967276572,0.19642616253340475,0.19575225129414076,0.19642616253340475
0.21602902569674728,0.19590319481625515,0.19489821469767205,0.19692720170678538,0.19624236308254014
0.2192676347290699,0.19487491856993314,0.19447106642050926,0.19610462898114975,0.1952817512993379
0.21530854379039535,0.1957268732245051,0.1960714679895771,0.19470597260500785,0.19818714239051463
0.21705459821929146,0.19599278607310466,0.19563863661337572,0.19424452922195598,0.19706944987227218
0.21641739082854414,0.1959680997537673,0.19325515463725917,0.1963668646150943,0.19799249016533527
0.2152467480721588,0.19456999181509507,0.1962655017618101,0.19695887917546806,0.19695887917546806
0.21627148262992593,0.1954742178464239,0.19801170656721023,0.19512129647821996,0.19512129647821996
0.21788585263217747,0.19404958573227274,0.19649097816497552,0.19508260530559873,0.19649097816497552
0.2139535775835248,0.1952779053800933,0.1982559943103561,0.1969117703122543,0.19560075241377153
0.2151583143424421,0.19507359545050976,0.19720452270251082,0.19597655676051878,0.1965870107440187
0.21616247785229886,0.1943127507780992,0.19601612929188125,0.19464923270587978,0.198859409371841
0.2134159355713377,0.19723146797281196,0.19407313070968601,0.1954542542321923,0.199825211513972
0.21563291373283547,0.19494408442681532,0.19881879579520165,0.1939337998735074,0.1966704061716402
0.21539659056446983,0.19559171984818485,0.1959053148529547,0.1952799219938527,0.197826452740538
0.21620804066170027,0.19505528962544594,0.19733886581065044,0.1953756696765856,0.1960221342256178
0.21546999079614768,0.19472396316629567,0.19704893053935646,0.19570818495884373,0.19704893053935646
0.215953170082536,0.19526083297093225,0.19559158625295645,0.1962591994352887,0.19693521125828659
0.2145744451400405,0.19716682928839394,0.19311115412104352,0.1991170693812578,0.1960305020692642
0.21478234229954288,0.1963755541235466,0.19810026603429143,0.19470461135499598,0.19603722618762306
0.21566429976300006,0.1952982727615615,0.19495744873368986,0.1963337303163248,0.19774624842542377
0.21499962531327058,0.19583749501106992,0.19682534395984497,0.19551219175596954,0.19682534395984497
0.2160297489211967,0.19372065872157163,0.197443018839899,0.19674686955216408,0.1960597039651686
0.21774541927649518,0.19492976059687553,0.19528852819056247,0.19528852819056247,0.19674776374550434
0.21510236091427035,0.19699279548980386,0.1946054356660547,0.19595672607836007,0.1973426818515108
0.21298760135704156,0.1971561437010813,0.1961864507770747,0.1974833533877277,0.1961864507770747
0.22374916767795205,0.19212622616581962,0.19439667665319724,0.19533125284983385,0.19439667665319724
0.21482561244692136,0.19559823145900493,0.19590472273473297,0.19652297477942196,0.19714845857991875
0.21437149735950367,0.1959710962787511,0.19702030108217805,0.19631855263978365,0.19631855263978365
0.21505423632572918,0.19532664083759346,0.1956530518692714,0.1963118271015924,0.1976542438658136
0.21212770970764178,0.19559586016931588,0.19654209130473557,0.19590943131036462,0.19982490750794216
0.21422730772693835,0.1947211902541576,0.19437242458775408,0.1979651678876114,0.1987139095435386
0.21591429522656297,0.1954485102118801,0.19577419365870133,0.19643150045142785,0.19643150045142785
0.21462853419996825,0.19464296834655204,0.1988951532819023,0.1955947361080049,0.19623860806357268
0.21868731508326117,0.1948714724534872,0.19523536110046916,0.19523536110046916,0.19597049026231333
0.2169930406217924,0.19565934812320507,0.1960088093163224,0.1946241950735128,0.19671460686516734
0.21567428194293123,0.19478290548286306,0.19861979900981538,0.1958023856809086,0.19512062788348172
0.216071067658455,0.19717260222839034,0.1953441264313371,0.19606807725048045,0.1953441264313371
0.21743123533747086,0.195018545896756,0.19536763802366433,0.19467165630980005,0.19751092443230878
0.21613955416449293,0.1951149238611405,0.1985132347798369,0.19475023495791755,0.1954820522366121
0.21770965791330857,0.19423726130258026,0.19529280290928042,0.19529280290928042,0.1974674749655503
0.21547244642543634,0.19543442923829757,0.1963619569352805,0.19574184335078146,0.19698932405020414
0.21482732842932337,0.19591354002090725,0.19682262089978794,0.19561388975019345,0.19682262089978794
0.21693671203281858,0.19461482632773416,0.19782316847342582,0.19566322094699085,0.19496207221903056
0.2165272566312286,0.19559276896038907,0.19595670101169835,0.19523125514258854,0.19669201825409544
0.21723056108419259,0.19612108788393062,0.19577681018211254,0.19509473066765168,0.19577681018211254
0.21505909291728606,0.1954874609906403,0.19715490711120987,0.19581684490653442,0.1964816940743291
0.21418318914932177,0.19543126687795848,0.19636948121889397,0.19636948121889397,0.1976465815349318
0.21544926102402095,0.19555483761927883,0.19654784184673607,0.19522783670692187,0.19722022280304224
0.21396009551692352,0.19592688329587613,0.19560211691217821,0.1982572922072288,0.19625361206779313
0.2169742298726313,0.19566650196446475,0.1960071542131016,0.19465712469877747,0.19669498925102485
0.21857443422660977,0.19318285050047113,0.19813327594327446,0.19354823788851072,0.19656120144113393
0.21518421812483102,0.19450617160697853,0.19809027676822144,0.19546029135015275,0.1967590421498163
0.21646796843595295,0.1949152386629419,0.19666440917794092,0.19457202810669363,0.1973803556164706
0.21351514769770383,0.19580340242334318,0.19907311157497706,0.19551588529924252,0.19609245300473344
0.21763668978030887,0.19666980305731022,0.1947156720774097,0.19548891754248562,0.19548891754248562
0.2174102569729942,0.19468244899859447,0.19643901155464422,0.1950292709191229,0.19643901155464422
0.2168186074552442,0.1949982785852998,0.19534312036350743,0.19465558541675101,0.19818440817919755
0.2168332296823919,0.1948673169350664,0.1965537322105947,0.1958728605859735,0.1958728605859735
0.21636114473923074,0.19548080496938416,0.19651280734342247,0.19582262147398144,0.19582262147398144
0.21741403508134444,0.19590662690285937,0.1955471985428346,0.19413260449455735,0.19699953497840425
0.2164756190525726,0.1950333738365968,0.19468214581455615,0.1939862963956904,0.19982256490058406
0.21643177913086348,0.19597535736075944,0.1956210936131676,0.194919401284224,0.1970523686109855
0.21489247941905873,0.19601804429808992,0.1956938254328416,0.1950511264396614,0.1983445244103484
0.2155219527149673,0.19505049261410162,0.1953746813277252,0.19669114752289013,0.1973617258203158
0.2177041129045044,0.19495095999574355,0.19601997515648972,0.19530497678677264,0.19601997515648972
0.21703560277157974,0.19527659798901506,0.19491298334430684,0.1956426449200559,0.19713217097504243
0.21789705967249504,0.1963643034212838,0.19598790795026066,0.19450785057315623,0.19524287838280452
0.21524945895752606,0.1964356914175409,0.19474555154523954,0.19609342398239824,0.19747587409729528
0.21598704358816256,0.19523320374384187,0.19625697245007911,0.19557232029393307,0.19695045992398333
0.2150911452645432,0.19546635447747712,0.19850781220157837,0.1951388221300609,0.19579586592634043
0.21658092026406364,0.19499824799461324,0.19614027724710772,0.19614027724710772,0.19614027724710772
0.21542546965602066,0.1957065314541656,0.19536398251315534,0.19745276100201758,0.19605125537464077
0.215182604036638,0.19527846596652257,0.19763681995695898,0.19494980514943488,0.19695230489044557
0.21418355522752827,0.19574448738644235,0.19732662200319404,0.1966881335035003,0.19605720187933506
0.21697945890981477,0.19480968181832994,0.19721790751121648,0.19447417527407712,0.19651877648656166
0.21453819669056493,0.1951804232507054,0.19867984302004527,0.19611226864445944,0.19548926839422498
0.2189598871074878,0.195728966138375,0.1961125118197581,0.19385052282897605,0.19534811210540315
0.21749888772526257,0.19498356920587637,0.19534671793221517,0.19534671793221517,0.19682410720443078
0.21714526241542711,0.1943868283473618,0.19687559237125515,0.19543953877606665,0.19615277808988946
0.2170251370632991,0.19443705059056396,0.19617927078204564,0.19617927078204564,0.19617927078204564
0.2185587317962974,0.1933536942959097,0.19602541137079724,0.19524875867251848,0.19681340386447715
0.21207671751123497,0.1976950760266591,0.1954818133953501,0.19737319653337793,0.19737319653337793
0.21762345731099816,0.1938780352237115,0.19787903850246324,0.19422990054050845,0.1963895684223186
0.2157876854883367,0.1954620049102742,0.19513046389246744,0.19646894680972213,0.19715089889919954
0.2148956914869699,0.19503899823565457,0.19803008898405236,0.19601761064666157,0.19601761064666157
0.21781435828896814,0.1954507881205336,0.195083449209915,0.195083449209915,0.19656795517066825
0.21488004063220625,0.19525823611287624,0.19745508304500667,0.19495155716490414,0.19745508304500667
0.21635247855681988,0.1946488005391517,0.19769803266337962,0.19497925841474992,0.196321429825899
0.21891512959785073,0.19440935275264035,0.19632025845975368,0.1940350007300016,0.19632025845975368
0.2145222327037717,0.19625769904736587,0.1986939052105212,0.19392723958266356,0.1965989234556777
0.21600804077278457,0.19506855511126664,0.1974359557066982,0.19473863355698615,0.19674881485226445
0.2151530116626159,0.19549499439815343,0.1977337001333186,0.19580914690295603,0.19580914690295603
0.21322042809421746,0.19558086678427314,0.19706395608944793,0.1976689593178251,0.19646578971423648
0.2174837323876544,0.19424058613199205,0.19533759983329063,0.19533759983329063,0.1976004818137723
0.21463200613102143,0.1959493943762567,0.19688947662162712,0.19563964624946767,0.19688947662162712
0.2139379500360353,0.1957982515840542,0.19611429945856262,0.1967520225188465,0.1973974764025014
0.21517985894802705,0.19595210755817422,0.19627868391623485,0.1949840086493276,0.19760534092823628
0.21784222645269125,0.1960046366835458,0.19563096189052848,0.19489121308270596,0.19563096189052848
0.21785577286695576,0.19437241853692133,0.19543886087848006,0.19543886087848006,0.19689408683916276
0.21629033232815273,0.1953242343186566,0.1956670324671047,0.1963592004430431,0.1963592004430431
0.2155483917438456,0.19550266260139276,0.19794149154578003,0.1951631120427877,0.1958443420661939
0.21617295032173037,0.19520512372981136,0.19553621362664614,0.19620450625343777,0.1968812060683744
0.2191711203527973,0.19320517558421263,0.19822103255722362,0.19432256000820342,0.19508011149756305
0.2166803346699526,0.19487808027611242,0.19521939575426708,0.19590848738952274,0.19731370191014516
0.2173727402065679,0.19463673033468967,0.19500216845153412,0.19724793314920494,0.19574042785800339
0.21431354153795,0.19529571357245298,0.19430401434841768,0.19698975715370187,0.19909697338747745
0.2199613818070011,0.1931572650785366,0.1974909307065897,0.19430572154325293,0.19508470086461965
0.21326046752995578,0.1959490242124949,0.19889058947568047,0.19626791180847633,0.1956320069733925
0.21506031080312252,0.19484398440413753,0.19581454727510955,0.19647136491501446,0.1978097926026159
0.21744227184255366,0.19451014669083055,0.19625007489631877,0.19625007489631877,0.19554743167397828
0.21614667774493146,0.19535797256646412,0.1950257991273684,0.1950257991273684,0.1984437514338676
0.2224139934776379,0.19428517949469817,0.1947025248505045,0.19305149148551146,0.19554681069164798
0.22324429057039843,0.19281934990986696,0.19493006927120374,0.19407622097732713,0.19493006927120374
0.2249601952685668,0.19250135145780609,0.19479306253024198,0.19295232821314312,0.19479306253024198
0.21766491689547812,0.19497675478546014,0.19601829840430504,0.19532173151045162,0.19601829840430504
0.21598261497033805,0.19522443847160645,0.1955678623055144,0.1962612936471981,0.19696379060534303
0.2206904734308552,0.19492897874178405,0.1945195231319718,0.1945195231319718,0.19534150156341712
0.22071992589874628,0.19428320991908174,0.19554488571597856,0.1930494782977681,0.19640250016842528
0.2255578818702077,0.19165436475037007,0.1948855229327726,0.19301670751387706,0.1948855229327726
0.2216482816000065,0.19384699586990356,0.19511854949191046,0.1942676235462691,0.19511854949191046
0.21348231801104,0.19506255500904562,0.19473259741779114,0.19343201000227087,0.2032905195598524
0.21588987105318228,0.19422041887357028,0.19608648755750255,0.19458860495088187,0.199214617564863
0.2155615002032425,0.19619085161834293,0.1951912154265609,0.19652821637592685,0.19652821637592685
0.21602574227684795,0.19590281705176474,0.1962462947018772,0.19488522601056005,0.19693991995895005
0.2187894095368475,0.1946203092290511,0.19500623512086163,0.19500623512086163,0.19657781099237817
0.2165257291611027,0.1966689939355731,0.1955986998361869,0.19489671854333127,0.19630985852380603
0.21418814772939201,0.19618420650542187,0.194548095788767,0.19651743443690328,0.1985621155395158
0.21578287792492667,0.19481645689131455,0.19646409952166222,0.19579903177961533,0.19713753388248118
0.2146399564925519,0.19495604865826463,0.19658012270870995,0.19658012270870995,0.19724374943176357
0.21650851655529482,0.19428528605179896,0.19662870463874801,0.19662870463874801,0.19594878811541022
0.2164374503158249,0.19615294944227954,0.1957903389441553,0.19436352505877993,0.19725573623896034
0.21818610682799552,0.19498002300211414,0.19687131215337506,0.19535304409631646,0.19460951392019885
0.217866955170132,0.19636688659523946,0.19599050925197525,0.19378513973067807,0.19599050925197525
0.2137157634071019,0.19560703839621066,0.19649153574314562,0.19649153574314562,0.19769412671039624
0.21534905289929246,0.19479684270053976,0.19574596486043003,0.19574596486043003,0.19836217467930767
0.21576354708833512,0.19560617562527058,0.19810428884405587,0.1945700096750794,0.1959559787672591
0.21449976034941823,0.19524907938943187,0.1979657145857463,0.1955442347504673,0.19674121092493638
0.21657372809555456,0.195934532129826,0.19628675391094724,0.19420676681703075,0.1969982190466415
0.21824405026275845,0.19392603404969078,0.19787239351127048,0.19427324460759998,0.19568427756868031
0.21634571307431805,0.19653774066011526,0.19617772137792072,0.19617772137792072,0.19476110350972536
0.21480737930161298,0.19619782027583246,0.1965438185896059,0.19450017474329373,0.19795080708965493
0.21413675540851623,0.1956283212016763,0.1977613807284474,0.1953303919643694,0.19714315069699062
0.21504657286593412,0.1954739048661968,0.19649317408928973,0.19649317408928973,0.19649317408928973
0.2155204772641601,0.1944594122590207,0.1979641369350308,0.19539293400062918,0.1966630395411593
0.2156473736635381,0.195122087820352,0.19478437440404503,0.19546189240135264,0.19898427171071226
0.21655897187374484,0.194044748635688,0.19716549234968977,0.1950652947911876,0.19716549234968977
0.21774154018282602,0.19460049069560353,0.19635965576900238,0.19564915667628408,0.19564915667628408
0.2185634983115026,0.19507336379314272,0.19469843359621014,0.19545087092090188,0.19621383337824266
0.21528441408547808,0.19593087062270198,0.19626157176393996,0.19626157176393996,0.19626157176393996
0.2184254581183004,0.19726918332920185,0.19373689718680495,0.19450241724912123,0.19606604411657158
0.22495577103160655,0.19455708983984696,0.19409697481223476,0.192293189504077,0.19409697481223476
0.2148412632528736,0.19508062884343427,0.1979988161494016,0.19539716964221976,0.19668212211207078
0.21792390454660632,0.19524554121808943,0.19633710175837743,0.19488649173959544,0.1956069607373314
0.21938120379427142,0.19484968102365163,0.19604441445914864,0.19368028626377962,0.19604441445914864
0.21453059058423504,0.1948421916662977,0.19643208886729013,0.19579053412969172,0.19840459475248537
0.2170922621395079,0.19488923208140538,0.1960026957065993,0.19525787011783186,0.19675793995465565
0.21655668286982202,0.19489721727521786,0.19736314071001884,0.19524269267290104,0.19594026647204035
0.21700428313017314,0.19413548113645182,0.19582362215690632,0.19582362215690632,0.19721299141956242
0.21495900740465615,0.19457767995568098,0.19633756936504373,0.19778817390957537,0.19633756936504373
0.214176821706741,0.19653191341398293,0.19559654066806326,0.1968473621056064,0.1968473621056064
0.21793902528989967,0.19356881139787585,0.19692421308162783,0.19540745678389942,0.19616049344669725
0.21594265131026613,0.19591722992261013,0.19695405651909975,0.1942320057289242,0.19695405651909975
0.21568716106797126,0.19547413869555108,0.1985533573564051,0.19514267144003633,0.19514267144003633
0.21740492169836506,0.19451501885322534,0.1969666827488574,0.19485858241134116,0.19625479428821105
0.21846186677695367,0.19449942026604744,0.19726633575716002,0.19488618859991946,0.19488618859991946
0.2178982236203279,0.19560931065628867,0.19525264657671895,0.19454619989583494,0.19669361925082954
0.21824798478046395,0.19410687421605566,0.1958817136678268,0.1958817136678268,0.1958817136678268
0.21689665005454184,0.19535959830839653,0.1963561634300195,0.19503142477702268,0.1963561634300195
0.21510521212258693,0.1939182706942214,0.19910665993704968,0.1955927309188182,0.1962771263273239
0.21991861881093808,0.19412958438053962,0.19610443175816855,0.1937429332921853,0.19610443175816855
0.21866031054940058,0.1944331866546246,0.19724346009394164,0.19404323932073117,0.19561980338130203
0.2242609562977504,0.19250887865942876,0.1955949763651086,0.1929395298268197,0.19469565885089257
0.21817609963688012,0.19408201770303787,0.1966501300273616,0.1944416226053588,0.1966501300273616
0.22642722432834475,0.1932656289983408,0.1937404019560098,0.1918645693608312,0.19470217535647344
0.21701943411638916,0.1950971758679284,0.194737153491468,0.19545957470711472,0.1976866618170997
0.21648156921407807,0.19430939239082834,0.1959525460610666,0.1959525460610666,0.19730394627296036
0.21597424066426435,0.19363566495529957,0.19474457990829727,0.19703201137980458,0.19861350309233416
0.2187876545521901,0.19419163998246533,0.19458605029578968,0.19458605029578968,0.19784860487376524
0.21548540162020624,0.1939377328078626,0.19819371507837008,0.19684787316845215,0.19553527732510892
0.21986180845274342,0.19373814156414093,0.19654300970085573,0.19572682524155188,0.19413021504070802
0.21940140071535938,0.19410578790483446,0.1967780646336775,0.1944796664293508,0.19523508031677786
0.21775793221205217,0.19455502772990096,0.19638540172600458,0.1949162366060377,0.19638540172600458
0.2181952405759803,0.19478697031286032,0.19591773234184937,0.19441516119814675,0.19668489557116328
0.21711707946857292,0.19508628539102038,0.19616666075970435,0.19473085310692445,0.19689912127377787
0.2169536870492356,0.19566023834751026,0.19750280277304225,0.19458409899399481,0.1952991728362171
0.2131048379249234,0.1956175271608912,0.19708363198800738,0.19828643384209496,0.19590756908408302
0.21575060491179077,0.1974669591539123,0.19482927186234508,0.1940985019008846,0.19785466217106717
0.215052918248782,0.1954826604446981,0.19647698108368486,0.19515522603189947,0.19783221419093563
0.2152450936646055,0.1964281336322949,0.19610637778819612,0.19546856124135895,0.19675183367354454
0.21958760683322798,0.19349689773017636,0.19768829221909323,0.19386500003474058,0.19536220318276187
0.21689659083486415,0.1948425943618826,0.19721973327047373,0.19451131567378202,0.19652976585899756
0.21889664242126322,0.19420471405520542,0.196947232313472,0.1945881913550021,0.19536321985505722
0.21697510723480995,0.19827037805206213,0.19637489551829918,0.1934741766911074,0.1949054425037215
0.21368258523386502,0.19506347204711208,0.19472118507228636,0.1968079355350017,0.19972482211173498
0.21869081996003462,0.1944596094882415,0.19561282276503283,0.1963954128780587,0.19484133490863234
0.21689266634289228,0.1985414671428018,0.1958414573149841,0.19363000155598356,0.19509440764333807
0.21718449664674205,0.19505060128432264,0.19764228391885105,0.19397657008964625,0.19614604806043803
0.21770329345488343,0.19424636199652937,0.19817017749849444,0.19459158908058843,0.19528857796950433
0.21770642022973744,0.1944081434639607,0.1961961327949652,0.19476111120105452,0.19692819231028214
0.21727165269110402,0.19440444136162,0.19610501521595008,0.19541842722081743,0.19680046351050845
0.21745206643501694,0.19519577026770416,0.19695842732147137,0.19484999882667287,0.19554373714913467
0.21477862143161183,0.1947867302978567,0.19702821106225388,0.19702821106225388,0.1963782261460237
0.21519859104364122,0.19564938649585809,0.19659468666762508,0.19596264912525052,0.19659468666762508
0.2164342029410208,0.19580515627212855,0.1967935950346368,0.19483442519071706,0.19613262056149677
0.2188256713031838,0.19460997391865387,0.19654053651035247,0.19348328175745735,0.19654053651035247
0.2191608469246181,0.1945032932744539,0.19652203528157164,0.19410829393575077,0.19570553058360557
0.21673108712161485,0.1938995592558001,0.19795162392455845,0.19497506683344717,0.19644266286457943
0.2176819773862186,0.19386783182094636,0.19786956251271867,0.19565026186400283,0.19493036641611364
0.21602278610755846,0.19500061618598372,0.19892158929956538,0.19330793279773115,0.19674707560916127
0.2210657080684169,0.19366993576545613,0.19560625862834496,0.19405183890943714,0.19560625862834496
0.21687800893459658,0.19549717364639574,0.19586174513842,0.19441780497540256,0.19734526730518523
0.2189688976045452,0.19333112190676296,0.1958999934962306,0.1958999934962306,0.1958999934962306
0.21904213445135173,0.19570858044836192,0.19609227020003095,0.19382943154409424,0.19532758335616113
0.21648495076620475,0.1952813424681552,0.19561601629592335,0.19494870318830484,0.19766898728141186
0.2153261497606416,0.19521625807469434,0.1955513299758815,0.19488322314139148,0.19902303904739105
0.21489822475089596,0.1955606733061782,0.19712986062070634,0.1946405068428992,0.19777073447932042
0.21784015540860374,0.19545054237892867,0.1958059172213073,0.19509746776985312,0.1958059172213073
0.21742469980720702,0.1938208687358428,0.1976758452827192,0.1955392930871155,0.1955392930871155
0.22034435424961898,0.19378145830647914,0.19666640845460032,0.19338132128750946,0.19582645770179224
0.2176674385973544,0.19412194242123385,0.19723838087317122,0.19514108066917968,0.19583115743906082
0.21989924479987727,0.19436114308320235,0.19550062604753826,0.1947383600218439,0.19550062604753826
0.21666519468541912,0.19774429546316064,0.19591020702993572,0.19448654810708685,0.19519375471439776
0.21761973665819495,0.1951405965523949,0.19550270878327106,0.19623424922286803,0.19550270878327106
0.21878568119834918,0.19480818320295143,0.19442086745606893,0.19519823626577257,0.1967870318768579
0.21828219131322263,0.19477771629242296,0.1951422237987163,0.19441559907662823,0.1973822695190099
0.21622005928730198,0.19584010870490595,0.19467524659584076,0.1970305813609232,0.1962340040510281
0.21473536196429588,0.1967566561410171,0.19570223013882312,0.19640287587793195,0.19640287587793195
0.218023448833692,0.1945065649630735,0.19629138878385186,0.1941564451804541,0.19702215223892855
0.21547944362570023,0.19438811314706073,0.19806632730209495,0.19536669783961075,0.19669941808553343
0.21698113723183016,0.19600048935984798,0.1941818169691328,0.1941818169691328,0.19865473947005632
0.21605902482120892,0.1962342329054027,0.19589067818232406,0.1945377363177252,0.19727832777333912
0.21845755139718406,0.19528549124979974,0.19490152507416508,0.19490152507416508,0.19645390720468606
0.216421265302347,0.19580253540468054,0.19615107576971622,0.19477010997686944,0.1968550135463869
0.21964193453242742,0.19401772330832154,0.1959689281880656,0.1944024857831198,0.1959689281880656
0.21571730473647927,0.19405057542221313,0.1979383566768497,0.1950835767227686,0.1972101864416893
0.21668983996265923,0.19477433105304007,0.19898471226767284,0.19440737904978392,0.19514373766684404
0.22489647809593902,0.19271961759907855,0.19412261547676657,0.19318343399691462,0.19507785483130127
0.21757311374544397,0.19533367914175268,0.19569451688616374,0.19497520762304918,0.19642348260359058
0.2176814051491085,0.19496806881739534,0.19671556175503488,0.1946251874241725,0.19600977685428891
0.21763833563025897,0.19624418787098177,0.19586694947347463,0.19438357755181,0.19586694947347463
0.2163318175389,0.19509708561937975,0.19765212509752475,0.19474172324040429,0.19617724850379128
0.2149813096742064,0.19683135918092096,0.19584362197955077,0.19584362197955077,0.19650008718577114
0.21683024306478874,0.19641563563424064,0.19534025691495024,0.19463494073679896,0.19677892364922142
0.21706647920915476,0.19512352794807647,0.19616229327475873,0.19478161515693923,0.19686608441107084
0.2185061715665146,0.19472260385409568,0.19509235647311368,0.19583943405313803,0.19583943405313803
0.2179510136037517,0.1946851981309,0.1957879294217827,0.1957879294217827,0.1957879294217827
0.2141551243065184,0.1952413712170391,0.19818581142772979,0.1955606662350714,0.1968570268136413
0.2148742445652932,0.19496393240561366,0.19839738709866375,0.19526716373578107,0.19649727219464844
0.21366571912187945,0.19567385965485484,0.19535522853354045,0.195994370654725,0.19931082203500022
0.21866569971908698,0.19482689680347312,0.19761725848058018,0.1936733273838165,0.19521681761304324
0.21619646552725222,0.19469083286393396,0.1977377494770938,0.19568747606586,0.19568747606586
0.2151852985151385,0.19580727470118214,0.1961232699623142,0.1961232699623142,0.19676088685905102
0.2153824143335372,0.19546695614803258,0.19638354317281015,0.19638354317281015,0.19638354317281015
0.21716197533350876,0.19459360498037495,0.1970112591710478,0.19561658025753423,0.19561658025753423
0.2187079027223641,0.19446734504119714,0.19484384195826215,0.19560465299100868,0.19637625728716804
0.2161145914776604,0.19586833081123328,0.1940930524611993,0.19696201262495353,0.19696201262495353
0.21386902022316157,0.1954847250096052,0.1977504532817046,0.19580260104298955,0.1970932004425391
0.21683847157596242,0.19450140114166403,0.19622004242745783,0.19622004242745783,0.19622004242745783
0.21338330136241943,0.19843574136347303,0.19539002667503189,0.19539002667503189,0.19740090392404375
0.21763653549117948,0.19424653056456415,0.1974762072794322,0.19389915356240886,0.1967415731024153
0.21884338331459488,0.19446725251311375,0.19630052418357324,0.19482903322085415,0.19555980676786397
0.21293069980073492,0.19633444283257737,0.19536157407080598,0.1960082054376166,0.19936507785826513
0.21669939442111225,0.19398976821990788,0.19715281318187616,0.19643377078559968,0.195724253391504
0.2167016373446968,0.19486274915082605,0.1952084406517329,0.1966135864263721,0.1966135864263721
0.2166602424266265,0.1959230059739165,0.19556839893486377,0.19556839893486377,0.19627995372972948
0.21787360516427562,0.1945542988197078,0.1956172543148217,0.1956172543148217,0.19633758738637325
0.21616108999538566,0.19412259252953085,0.19375130999010629,0.19838266200848997,0.19758234547648723
0.2155002364035512,0.195296779907394,0.1968040456855088,0.19559489231803726,0.1968040456855088
0.2176161405106464,0.19410212688439682,0.19657203485818933,0.19585484887338372,0.19585484887338372
0.21700711610067588,0.19457688802735967,0.19782933388215077,0.19422721192778072,0.19635945006203298
0.21827204338922696,0.19427890860262792,0.19604828524636914,0.19462826058192803,0.19677250217984793
0.21459190858759997,0.19642511655782185,0.19481590368965446,0.19675279475978416,0.1974142764051396
0.21569251845338852,0.19481975677056715,0.19581407682893914,0.19581407682893914,0.19785957111816604
0.2141263139518638,0.19655014364952186,0.19622121835203338,0.19622121835203338,0.1968811056945476
0.21688645043511617,0.19568211928908713,0.1967795633395595,0.19460641326361006,0.19604545367262713
0.21813522592302692,0.19432863431408876,0.19607425398360334,0.19467335196713478,0.1967885338121462
0.2149396753378947,0.19573344648101765,0.19664555435766426,0.19603576946575907,0.19664555435766426
0.21434924631701235,0.1969907706201488,0.19533899805539776,0.1959936444487229,0.1973273405587182
0.21575589518507965,0.19480801824323443,0.19647583621247802,0.19715770053527934,0.19580254982392856
0.21657713593029723,0.19457754453102144,0.19766857308155478,0.19558837322856326,0.19558837322856326
0.2137838965676852,0.19679090910437166,0.1985022620391699,0.19513290883602313,0.1957900234527501
0.21385812667193568,0.19518757558024194,0.19868653877904877,0.1948805007718468,0.19738725819692687
0.21787401425045214,0.1943031333928689,0.19542843861626782,0.19542843861626782,0.19696597512414335
0.21560333831589168,0.19436350020009324,0.19984993679602356,0.1933299164981252,0.1968533081898663
0.21645703003151195,0.19493723697119142,0.19666377342339908,0.19527818615049858,0.19666377342339908
0.21795836982926053,0.19364020889730393,0.19686347936670184,0.1961305272168926,0.19540741468984113
0.21539875279577664,0.19498766026903475,0.19821600039559897,0.19464057581814118,0.19675701072144847
0.21600105974423747,0.19423404997479962,0.19726894766300362,0.19522699495495568,0.19726894766300362
0.21502032290879206,0.1949227154040832,0.19710796067962297,0.19647450050375087,0.19647450050375087
0.2152169583507257,0.19531119072509356,0.19627353231497224,0.19627353231497224,0.19692478629423624
0.21689853901081704,0.19363240037288793,0.1947270210705712,0.19775801849315483,0.19698402105256912
0.21695089327734474,0.19408874154675101,0.19584188324357854,0.19655924096616284,0.19655924096616284
0.2165733583777384,0.1951036294871048,0.1967828163624283,0.19543533264781815,0.19610486312491038
0.21745377455057438,0.1941143886278369,0.196615344694595,0.1944647720905015,0.1973517200364922
0.21560579182087344,0.1949929416730038,0.19669636127990514,0.19600854394631256,0.19669636127990514
0.2126051594398753,0.1948839121172032,0.19836184998399065,0.19643679048722437,0.19771228797170642
0.2155086334579496,0.19713664567074476,0.1930786534940816,0.19752111153197122,0.19675495584525282
0.21747603811816454,0.19647556715272993,0.19382613258002523,0.1945701901657493,0.19765207198333096
0.21521890619322231,0.19678626213647976,0.1944200634884646,0.1964418330529841,0.19713293512884922
0.21869396655926207,0.19542020370972812,0.19581146177425096,0.19426290618250805,0.19581146177425096
0.21876195518345623,0.19482410845102496,0.19444226381497218,0.19598583627527333,0.19598583627527333
0.21786854945645165,0.19462312787852257,0.19902853795130573,0.19423989235686,0.19423989235686
0.21540637894171197,0.19554636330885303,0.19795245613437634,0.1952112608432726,0.19588354077178607
0.21750235791429304,0.19370271739783076,0.19700646301799402,0.19478199865188817,0.19700646301799402
0.2149088124838444,0.19601369438451333,0.19502303733911397,0.19770647766377583,0.19634797812875251
0.21873220662289586,0.1950109004081416,0.19616869532967038,0.19313360166484564,0.1969545959744465
0.2192902192210603,0.19416222806750214,0.19526078338956734,0.19452599592633454,0.19676077339553572
0.2157391093229312,0.19499512633478347,0.19663743434224867,0.1953196416959736,0.19730868830406312
0.21743441650808432,0.19518495072886233,0.1955374627407261,0.19414076072630773,0.19770240929601932
0.21442922004091455,0.19521613080240371,0.19614736922471535,0.19614736922471535,0.19805991070725107
0.21253117091382556,0.19605948793306696,0.1963502744830648,0.19752953333502132,0.19752953333502132
0.2152015254685488,0.1947906039771365,0.1957736391915205,0.19643901851086543,0.19779521285192855
0.21606673434581175,0.19538294260586322,0.19776615410418186,0.1943928247015086,0.19639134424263457
0.21269938489965126,0.19570720033595307,0.19599370787497644,0.19542219680467815,0.20017751008474113
0.21294488039650902,0.1961720806323226,0.1951962685094634,0.1971659123139282,0.19852085814777676
0.21930055009742655,0.19376108960987595,0.19641359192745456,0.19488224351727126,0.19564252484797168
0.21600877233342425,0.19500109559913598,0.19827133358282123,0.1946496613242781,0.1960691371603404
0.21804475794541792,0.1936525617584043,0.19479101119804115,0.19556320291722631,0.19794846618091028
0.21660795400167415,0.19402959824012594,0.1964417751402833,0.1950504207178217,0.19787025190009494
0.21573389873498316,0.19496319319914593,0.19733513461548607,0.19463263883489876,0.19733513461548607
0.21576354708833512,0.19560617562527058,0.19810428884405587,0.1945700096750794,0.1959559787672591
0.21171265157064179,0.1983605962380731,0.19526984031060352,0.19871551043525684,0.19594140144542477
0.21685285990146183,0.1946635833522426,0.19707818404152916,0.19432718866323737,0.19707818404152916
0.21787393629117624,0.19488099899504224,0.19524482475987456,0.19451955905012805,0.1974806809037789
0.21635297498441042,0.1943549839792487,0.1979916061809808,0.1953227972165065,0.19597763763885365
0.2188052720661002,0.19400220179489028,0.19439243510805765,0.19761885617569364,0.19518123485525826
0.21574854492690215,0.19648335538281228,0.19614570758776373,0.19614570758776373,0.19547668451475814
0.2160170057938367,0.19590822768028196,0.19625608834517677,0.19556258983552777,0.19625608834517677
0.2161234771802276,0.19605130655086264,0.19570212042362362,0.19501039980383544,0.19711269604145082
0.21323662606426416,0.19708021686827878,0.19261983110916314,0.19816401324182975,0.1988993127164641
0.21462197416491113,0.19505462157268805,0.1965685596631488,0.19718628493610324,0.1965685596631488
0.2175626356974771,0.19626030639279562,0.19513670696525992,0.1944002539721436,0.1966400969723237
0.2169217474747345,0.19548877166418488,0.19659012212996368,0.19440923660115336,0.19659012212996368
0.21485471242890639,0.19400054548289442,0.19876871542376903,0.1949211471721056,0.19745487949232465
0.21592102631843368,0.19437495293212217,0.1960764287875012,0.1947110590126309,0.19891653294931205
0.21575041380317045,0.19581783278964046,0.19614131130584328,0.19549627407810877,0.19679416802323707
0.21465481646543047,0.19409686594445708,0.19750697408605203,0.19687067175203024,0.19687067175203024
0.21710092750981289,0.19489837292238987,0.1959968544554309,0.1952620840065805,0.19674176110578595
0.21638402714622906,0.1948686351993811,0.1964577701782965,0.19518277658728825,0.19710679088880506
0.21711493761787679,0.19469178965973305,0.19806977419299004,0.19432910898457187,0.19579438954482828
0.21695897453187024,0.1936595566193263,0.19991960588384558,0.19331284292606385,0.196149020038894
0.21986726617647928,0.19380791561075497,0.19645820938490707,0.19417882451163654,0.19568778431622227
0.21891944934445198,0.19536273556023653,0.19498978062013955,0.19573825385503243,0.19498978062013955
0.21779431368803606,0.1958262740064349,0.19472432268526893,0.19619860643223327,0.1954564831880268
0.21518093254920437,0.19612293740665737,0.19708224965406712,0.19580694019503556,0.19580694019503556
0.21711555752631148,0.19597782718757492,0.19632524026257123,0.19494874095091047,0.195632634072632
0.218453297572464,0.1943938171109354,0.1962055820965043,0.19547365161004815,0.19547365161004815
0.21561691059994326,0.19491082038859983,0.1977704486742248,0.1952211844335699,0.1964806359036622
0.21520103775358138,0.19560465531590443,0.19863839970726854,0.19527795361162284,0.19527795361162284
0.213324292634865,0.19625954325613104,0.1972396946304438,0.1959367748481164,0.1972396946304438
0.21879224794456123,0.19558154882634907,0.19676042764938914,0.19367155157846497,0.1951942240012357
0.21800102170068694,0.19294713244347766,0.1948060334216553,0.19712290621709003,0.19712290621709003
0.21921796782363412,0.1946843124217586,0.19428491598907666,0.19508661367059046,0.19672619009494016
0.22207266419616611,0.1939546443003376,0.19437446561006508,0.19437446561006508,0.1952237602833661
0.2143497696604965,0.1960231578275563,0.1963307206853999,0.19571733757755408,0.19757901424899324
0.21687898358024169,0.19515960362940768,0.1962245670717667,0.1962245670717667,0.19551227864681722
0.21574225139565478,0.19562339453750774,0.19805682056581939,0.1946132164462096,0.1959643170548086
0.21343066187740525,0.19623777441633392,0.1984722049405743,0.19530809931204038,0.19655125945364613
0.21482165120625268,0.19573807256158016,0.19669290244749854,0.19669290244749854,0.1960544713371702
0.21696273361378723,0.19424542465721187,0.19530081173849478,0.19601586455562872,0.19747516543487748
0.21780343698272783,0.19455677507391278,0.19636323055042887,0.19491332684250165,0.19636323055042887
0.21830782966904327,0.19478511831176867,0.19587141885773487,0.19442773670583877,0.19660789645561452
0.2160357733487941,0.19523049051442193,0.196926553877118,0.19556547536623148,0.1962417068934345
0.21544189727309787,0.19605138588396157,0.19506142048339797,0.19638543624205926,0.1970598601174833
0.21687591987147228,0.19504716984910297,0.19602563675980827,0.19602563675980827,0.19602563675980827
0.21587132055095373,0.19510752910450602,0.19610869161870031,0.1954392087023607,0.19747325002347924
0.21903031916542556,0.1957138834576691,0.19690713063375537,0.19302674589573485,0.19532192084741512
0.21668761442288956,0.19423693847095216,0.19590188407245157,0.19590188407245157,0.19727167896125514
0.21632739470737125,0.19470073252509554,0.1963133038775445,0.1950194629462589,0.19763910594372977
0.21790446754342288,0.19507482160681636,0.19543264416757739,0.19543264416757739,0.1961554225146061
0.21822889031781248,0.1957297685503269,0.1945790349652409,0.19534349868318146,0.1961188074834383
0.21613489308219083,0.19657380861823873,0.1948443599330987,0.19622346918323588,0.19622346918323588
0.21374404836415342,0.1969923890271604,0.19527649012573342,0.1966447944111344,0.1973422780718184
0.21535264916903138,0.19570242503257157,0.19464113426919039,0.19678487734031597,0.1975189141888907
0.21736495336575473,0.1961128312037158,0.19724742498377362,0.19427315179430757,0.19500163865244835
0.21539552202932022,0.19553808681927506,0.19728973401691996,0.19658218200893865,0.19519447512554616
0.21493711704559834,0.1954189645499489,0.1975845206540008,0.19572303953679626,0.1963363582136557
0.21892099511156676,0.19515567884703047,0.1947538835769515,0.19395893457448393,0.19721050788996733
0.2143450364293849,0.19616162462592018,0.19649499238462526,0.195830308419566,0.19716803814050365
0.21357472511647224,0.19589482387938692,0.19620667187230775,0.19620667187230775,0.19811710725952536
0.21349621355580123,0.195903306441957,0.19497850964759805,0.19684419027776773,0.19877778007687613
0.21483907250375733,0.1968736923747581,0.19587436391169452,0.19587436391169452,0.19653850729809555
0.2176580445278235,0.19531946234085268,0.19567110931730022,0.1949700623789731,0.1963813214350505
0.21471696309621616,0.19487936778995113,0.1965654144502655,0.19795356301358344,0.19588469164998384
0.21473439006660092,0.1960260666537101,0.19432300169818909,0.19923535980019613,0.19568118178130375
0.21542064170816158,0.1967363822211897,0.19436796561606684,0.19639163028697543,0.1970833801676065
0.21700360823116066,0.19620144303738105,0.1943895386506868,0.1958342131294595,0.19657119695131198
0.21366210080818002,0.19842917140619215,0.19429713871358226,0.19744678163628154,0.1961648074357641
0.2153771697431715,0.19537110126421073,0.1950307310008703,0.19640518023685097,0.19781581775489654
0.21271305267182092,0.1988127268177098,0.1947114259078351,0.19719759066363088,0.19656520393900329
