0.18351794372774693,0.16518676684285352,0.16404844210009487,0.16456132940769286,0.16018247054284201,0.16250304737876983
0.18033233440535928,0.16591920125612797,0.1649368445668686,0.16484011843707813,0.1619634156129613,0.16200808572160472
0.18331901489343197,0.16617972315387308,0.16310389248308757,0.16466139876125302,0.1589653806473978,0.16377059006095657
0.1847642321585378,0.16549440812886299,0.16432799295713896,0.16350309766590043,0.15926366800583774,0.1626466010837219
0.18689425363021123,0.16568195296502533,0.1638380782552685,0.16306031354001263,0.15860195887241396,0.16192344273706835
0.1913022477879689,0.16479476785363187,0.16270157294546475,0.16236402373898579,0.1575228439718981,0.16131454370205056
0.17967429846762586,0.16686320925180576,0.16477053929973406,0.16386835872402877,0.16110341786864402,0.16372017638816147
0.1786576670501891,0.16620032232188142,0.1648823023726132,0.1647829593237163,0.16219925698681054,0.1632774919447894
0.1859289752009314,0.16598664993836443,0.16375394005706362,0.16321693214086358,0.15879192294140265,0.16232157972137432
0.19071857995839395,0.16504636136733772,0.16266434984314132,0.16244537054516614,0.15791511610697245,0.16121022217898842
0.18528496643677467,0.16532567085227046,0.1636228618322436,0.16320947199164196,0.15939890448218516,0.16315812440488414
0.17281890416871803,0.16719469258488565,0.16507608335423732,0.1648304255784381,0.16370600118214318,0.1663738931315776
0.1887810570849544,0.16503064000491546,0.1637953884145284,0.16270792124508088,0.15787708130551065,0.1618079119450104
0.19159736073054162,0.16476514571147866,0.16277689940474832,0.1623243222868438,0.1572656301110889,0.1612706417552987
0.18800536706731397,0.16476116321420892,0.16409201162791268,0.16278979104118557,0.15845736652973583,0.16189430051964304
0.18119679090099133,0.16576269792040388,0.16494982978293588,0.16405732052113703,0.16051071403203615,0.16352264684249568
0.1818946603009865,0.16580654282855575,0.16506884867011054,0.16506884867011054,0.15955976532018853,0.16260133421004827
0.18825988698819981,0.16567710686615653,0.1624233824940047,0.16275839617202842,0.15851339064416875,0.16236783683544198
0.18877170019033818,0.16556371673786374,0.16256381324800692,0.16256381324800692,0.15846827972549024,0.16206867685029414
0.18879248797788412,0.16550745601898348,0.1627530037009018,0.1627530037009018,0.1583689510870226,0.16182509751430618
0.18815418237613482,0.16543263202145236,0.16281803379802617,0.16292787736507902,0.15866294676577794,0.1620043276735296
0.19088694316773452,0.1647225917028547,0.16285849138604874,0.1625192924861723,0.15765714584652252,0.16135553541066722
0.1896463777600533,0.1647493286711108,0.1632632407076847,0.16281793039693185,0.15774201490694845,0.16178110755727088
0.1885974541137364,0.16469163676055884,0.163786147142483,0.1629027526233621,0.15760704280404933,0.16241496655581034
0.1823786534461453,0.1654576703252584,0.16599324275754151,0.16369577512911146,0.16031388464521545,0.16216077369672788
0.1864455624551391,0.16481307999223566,0.16448164171751076,0.163398516971055,0.15887597914022636,0.1619852197238333
0.18008837681370773,0.16746957447469366,0.16257965434617358,0.16473659597135054,0.16054044001745685,0.16458535837661778
0.19016287057100617,0.16445357411221975,0.16365210469960417,0.16253688014839396,0.15768723746459085,0.1615073330041851
0.17806515943402182,0.16593385265733449,0.16461224018617196,0.16555107494286786,0.16245469667775414,0.16338297610184976
0.17553486034953433,0.1682202641398682,0.1623639399691425,0.16599933470278788,0.16136457871633475,0.1665170221223323
0.17535995670398224,0.1681410297400431,0.16268939111978517,0.16604032655260675,0.16112208091741845,0.1666472149661641
0.1890428132825628,0.16516323673863137,0.16388333230283014,0.1625369104399161,0.1578693305739941,0.16150437666206546
0.18712920031715236,0.16515672041363044,0.16403966620353666,0.162956281488325,0.1582391689385591,0.16247896263879652
0.18662394929337195,0.1655614141226133,0.1626959474307676,0.16366225975306106,0.15838769835779518,0.16306873104239095
0.1778041856302145,0.1662332619696646,0.16484310734469745,0.1655775359337252,0.16146268287112991,0.1640792262505683
0.1884672887267153,0.1648780538517225,0.16317488234767397,0.16317488234767397,0.15838422090968243,0.16192067181653186
0.1865318119252514,0.1646671868419173,0.16511164243587292,0.16273267449492546,0.15838070562997525,0.1625759786720577
0.19001625364140995,0.1647243002130291,0.16334492853367308,0.1626743533402025,0.15749567647489995,0.16174448779678557
0.18748065636090855,0.16524118223492154,0.16312594731821545,0.16356105462024323,0.15816151573182846,0.16242964373388277
0.18419769476425066,0.16603867633602462,0.16356756092106645,0.16419575351688792,0.15879424655208446,0.1632060679096859
0.18129226228410086,0.16597184470006152,0.16618586037847322,0.1636009962636077,0.15999057044043555,0.16295846593332114
0.1812663772656365,0.16776879090771615,0.16256333049616906,0.16421425196800335,0.16002573986676516,0.16416150949570982
0.18505653781355416,0.1654340830930146,0.16416906054225427,0.16314803173830028,0.15959394189719744,0.1625983449156792
0.1769432451858306,0.16678816304776617,0.1664989398498598,0.16417944710277535,0.16234131664604168,0.16324888816772637
0.18880432236110975,0.16496335394052966,0.16347177138192212,0.16302492628271642,0.157642760336509,0.16209286569721298
0.1842705685292349,0.16502744658244656,0.16588844150441914,0.16316371491283946,0.15923540285435392,0.16241442561670602
0.18759541299435872,0.16582414849572752,0.1627679042665151,0.16287661134738488,0.1586533234844903,0.16228259941152356
0.18112111736676453,0.16659818061329612,0.16332200705039768,0.16461634904019215,0.15977665353780066,0.16456569239154883
0.1811188650043093,0.16655404096176385,0.1633813644796877,0.16457577328370637,0.1597435407497589,0.16462641552077384
0.17986994499327552,0.16696722925702046,0.16277781496001437,0.1647591592590343,0.16071358145015208,0.16491227008050327
0.17992130446205085,0.16695874314863382,0.16286483316342076,0.16464837439052632,0.16070348878161603,0.16490325605375222
0.1859979921228982,0.16536439235930295,0.16359275285134073,0.16370094698997498,0.15844673518951666,0.16289718048696633
0.18769958829818678,0.1655938240695956,0.16308419742441987,0.16286445856370263,0.15881321063571333,0.16194472100838173
0.18608798655094208,0.16539497438812004,0.1636192186727979,0.1636192186727979,0.1584625875934091,0.16281601412193317
0.18585858494758564,0.16597509656216947,0.16268563590796498,0.16385699321779443,0.15899042451961523,0.16263326484487026
0.18585858494758564,0.16597509656216947,0.16268563590796498,0.16385699321779443,0.15899042451961523,0.16263326484487026
0.1700076736370317,0.16903414597869076,0.16324831667958134,0.1664760768193392,0.16289929001224004,0.16833449687311694
0.1752788241196745,0.16854739954015568,0.16306381213959273,0.16607492285498057,0.16110276135019988,0.1659322799953966
0.18473718977238082,0.16619722394215683,0.16285364880946804,0.1642641013289098,0.15871977251241248,0.16322806363467182
0.18669936829844808,0.16628780248536637,0.16259545573411427,0.16370893657226598,0.15794808157359325,0.16276035533621208
0.18444015764882798,0.16612011817202724,0.16325522298113243,0.16443911510795028,0.15885893713564214,0.1628864489544199
0.16535510249223961,0.16176866112965788,0.15589913880779005,0.16044468274745094,0.15653241482286148,0.2
0.18309282923586384,0.16590617552015818,0.162964626856997,0.16402603340380736,0.15927726125125968,0.16473307373191395
0.18356684975735021,0.16718223525130918,0.16289432063641565,0.16397320544667235,0.15857406661777468,0.16380932229047795
0.18605873645820142,0.16624435128641965,0.16263397409137367,0.1633933048961559,0.15865794235754643,0.1630116909103029
0.18806040469318216,0.16570789587533552,0.16251131167042757,0.1633961251583685,0.15797653871291886,0.16234772388976737
0.18297279129885682,0.1672936560310581,0.162543107541781,0.1641287508303022,0.15898692581452262,0.1640747684834793
0.18379120531654106,0.16683340071009128,0.16313111722767465,0.16476571447173072,0.15861288319470596,0.16286567907925636
0.18386673378786555,0.16686978754638584,0.16315897821976613,0.16468560662934875,0.1586317882549907,0.1627871055616429
0.1857734255246101,0.16606366405425638,0.1625655414574476,0.1641031018357402,0.1580029302940716,0.16349133683387412
0.1767186666208241,0.1671558880139408,0.1639275045407264,0.16516355853891077,0.1620156744399171,0.16501870784568085
0.18464937157226552,0.16571508068664714,0.16351513755000505,0.1638365963487359,0.15966446690854663,0.16261934693379979
0.18967484064278084,0.16457054781349212,0.16422375861289742,0.1625379355140543,0.15759127301622805,0.16140164440054733
0.18346033585382984,0.1654155261713539,0.1646829446633818,0.16437359228548776,0.1598369587701392,0.16223064225580733
0.18876447384323775,0.16478789795040064,0.1637637461571117,0.1627677551794003,0.15785143912231162,0.16206468774753804
0.1754450148280534,0.16551175814862393,0.1669011214572373,0.16452746028517265,0.16400191255213434,0.16361273272877838
0.1880894472045413,0.16517628871642748,0.16351445682007168,0.16308393403831933,0.15826262220119588,0.16187325101944433
0.18052567650815746,0.16631358059972406,0.1634439238877609,0.16522312417316376,0.15975027436457936,0.16474342046661444
0.18603342103106915,0.16577956913839342,0.16282818719011136,0.1643869867951028,0.1583068029702676,0.16266503287505568
0.1807786518344843,0.16581198636746844,0.16591419291495604,0.1643139978615123,0.16006905714114134,0.16311211388043761
0.19024960148937214,0.16488496936925007,0.16291004484437935,0.16291004484437935,0.1576316773361252,0.16141366211649386
0.18010382024334906,0.16565024518938384,0.16524251868985246,0.164639742870859,0.16094782866308083,0.1634158443434748
0.17898662488019354,0.16578993789132002,0.1660904713472178,0.1644209983613854,0.1615628878573323,0.16314907966255093
0.1851400890682359,0.1658041209523776,0.16278755284897303,0.16394252337651366,0.15886009175637128,0.16346562199752865
0.18467380979128706,0.16653593773645473,0.1622332561992501,0.16526834988104952,0.15837296057314995,0.16291568581880866
0.16612509124695643,0.16084137043134716,0.1574647476336051,0.2,0.15559828763396177,0.15997050305412952
0.17569632143717417,0.16565157516283602,0.1665580259565976,0.1659209787327762,0.1632322078546526,0.16294089085596342
0.18466723529761403,0.16625312663322384,0.16316909035485652,0.16380782509172573,0.1588808280690353,0.16322189455354463
0.18982841425259986,0.16507724801066373,0.16291035824033923,0.16279980764715068,0.15783285636800026,0.1615513154812462
0.18096008074245817,0.16652155082951428,0.1645270689677096,0.16414148230261327,0.16023184455686196,0.16361797260084276
0.19165288016250362,0.16459490799441123,0.1628382292536908,0.16238363411551934,0.15720496810446205,0.1613253803694131
0.1858784342404661,0.1654477733273509,0.16457839905448582,0.16320945552877636,0.1585446645711333,0.1623412732777875
0.1870155866970583,0.16505556696261983,0.16449642053042451,0.1631891053247969,0.1583683628314399,0.1618749576536605
0.1889006541046621,0.16530064159193406,0.16287286068649723,0.16298485834533305,0.15844061510380728,0.16150037016776628
0.18212565857093357,0.16648921999035124,0.1631246738208635,0.16460452104235573,0.1598517058828165,0.16380422069267947
0.18095986418456064,0.16642433005523904,0.16368337453854392,0.1657723144256243,0.15983007424494816,0.1633300425510839
0.1826558785095523,0.1652643143913016,0.1659239127504214,0.16377192391078846,0.1600955268088577,0.16228844362907852
0.17740408583930023,0.16545633079314231,0.16481910795441093,0.16527307396761573,0.1626319115762272,0.16441548986930374
0.18760701603407215,0.16584037818533173,0.16249165013730044,0.16383969865358658,0.1581137550587303,0.16210750193097861
0.17750486372198254,0.16531958166804003,0.16646953012095828,0.16402440287344908,0.16233783489430814,0.1643437867212619
0.18093689686109116,0.1662862553615782,0.16434653847363923,0.16424736314568858,0.16057363511817513,0.1636093110398275
0.17747634018495295,0.16575051125542914,0.16575051125542914,0.16414420385385545,0.16269058284122911,0.1641878506091042
0.18948182630106997,0.1650217898885841,0.16353269506926432,0.16242737520790784,0.15781028258426366,0.16172603094891008
0.1832962181192691,0.16535474372984968,0.16515272886163454,0.1636734087198026,0.15947214191861409,0.16305075865083013
0.1899295053425973,0.16464678698571658,0.16395124729973007,0.16237829518562857,0.15742423365768915,0.1616699315286383
0.18537252106607577,0.16563999450964126,0.16334320572845717,0.16398448194393733,0.15847516477423917,0.16318463197764926
0.1848049375789699,0.16571138475375075,0.1632164547406884,0.16427978834291318,0.15923957892868634,0.1627478556549914
0.18660784807441616,0.16526945029922507,0.16437877881805624,0.16297710962185327,0.15867817029320114,0.16208864289324812
0.1874479208514211,0.16507372835461415,0.16438205186862703,0.1627089464590513,0.15838054396694806,0.1620068084993383
0.1855875942573015,0.16593621016448107,0.1637434141034148,0.1633205824819958,0.15876851169104356,0.16264368730176326
0.18783608285400732,0.16513559010091675,0.16412155101089568,0.16281248685108954,0.1580770636263929,0.16201722555669765
0.17925087046177135,0.16710485683343215,0.16335412625737852,0.1656374807094058,0.15916870412186823,0.16548396161614382
0.18399626260892224,0.165862827368159,0.16384367566254832,0.16374051903541287,0.15927681507753738,0.16327990024742017
0.1837041863170671,0.16505653505185808,0.16580579285920444,0.16391054458588367,0.15955916336996556,0.16196377781602117
0.18786740766650667,0.16459643050150752,0.1639177060622331,0.1633617057626119,0.1578213628975896,0.16243538710955138
0.18503730529672865,0.16630845422804863,0.16237165893374583,0.16468103944817408,0.15842173582959423,0.16317980626370873
0.1812332412992047,0.1650498053960558,0.1685483986990049,0.16357979137415332,0.1597669764325808,0.16182178679900044
0.18576215421844705,0.16570157140362707,0.1626663773894047,0.16382838837129443,0.15890419071662948,0.16313731790059727
0.19100254537543654,0.16470017588414582,0.1626082724709496,0.1626082724709496,0.15753066399234908,0.16155006980616926
0.1887316734214189,0.16507206237374644,0.16369280091367822,0.16258223321665993,0.15804352064924462,0.16187770942525187
0.18854628870619417,0.1648707594568227,0.1631617059655712,0.1634971147151118,0.15747886897633953,0.16244526217996058
0.18796650190547526,0.16481117736826753,0.16356416783953226,0.16290164389871775,0.15855949871490518,0.16219701027310188
0.18596298230175817,0.16516197160423798,0.1639584214841644,0.1633185801832492,0.15864760241123388,0.16295044201535636
0.18287902226132705,0.1661848665657238,0.16344288479000738,0.16453438885207677,0.15936903808669306,0.1635897994441718
0.18287674405006987,0.16595394593375287,0.16627768755675226,0.163367194044634,0.15948085022311742,0.16204357819167353
0.1872411930679006,0.16466194191744277,0.16466194191744277,0.16334454645908467,0.15858630281139754,0.16150407382673168
0.19170066492966076,0.16475319130026483,0.16255180322366497,0.16232756052025227,0.1574952526046019,0.16117152742155547
0.18567333193181973,0.1655249074899813,0.16473486830204911,0.16299234295965934,0.15876710366452154,0.162307445651969
0.18677772708599105,0.1653658815464199,0.16273177765155777,0.16380601617168308,0.1584276666146665,0.16289093092968165
0.18587322422672947,0.16500774598806664,0.16413006098674515,0.1635922507932519,0.15859660669498293,0.16280011131022384
0.18445489858382974,0.165522291828833,0.16377418924848267,0.16407649615324335,0.15924108514406066,0.16293103904155062
0.17940429110001446,0.1656185885229516,0.1666451315111309,0.1643282195654355,0.1611555382274049,0.1628482310730628
0.19107330276875595,0.16491071113707126,0.16256890451551065,0.16256890451551065,0.15737175509110096,0.16150642197205045
0.18618924395003064,0.16487824552320454,0.16443081660030223,0.16333612495651997,0.15915347349305559,0.162012095476887
0.19187701943489605,0.1647298628853688,0.162519746063514,0.1622946374092887,0.15744453236036132,0.16113420184657112
0.18984518474005013,0.16483032457867247,0.16368068669392247,0.16267627666175088,0.1574299257960952,0.161537601529509
0.1880371946904344,0.16475515231910645,0.1633947255539185,0.16317287337468653,0.15839551185067677,0.16224454221117746
0.18061729536355114,0.16677042885409207,0.16317377968205254,0.16450590863502418,0.16026974029572313,0.16466284716955695
0.1810313876849285,0.16591820642549698,0.16529470729138557,0.16368433976066532,0.1611177896985156,0.16295356913900805
0.17808346792208027,0.16578646353138643,0.16777735696318588,0.16354061298125555,0.16185631261239633,0.1629557859896956
0.1913874989060496,0.16473642922841383,0.16239860973211095,0.1625120380154865,0.15740685973787127,0.16155856438006783
0.18478774192807357,0.165640731469536,0.16443477821439684,0.1637939118535994,0.1587465725834311,0.1625962639509631
0.18479937475011862,0.16502117848435516,0.16590686202632307,0.1633139024958272,0.15852022030327223,0.16243846194010372
0.18702328831031959,0.1656397077911474,0.1633767892013095,0.162832580916383,0.15834903607240403,0.16277859770843656
0.18708090045268383,0.1655783734476484,0.16260854266117356,0.163355380234235,0.15850325750591313,0.16287354569834625
0.17683727688666717,0.16787091647523655,0.16288562158921857,0.16577011061121202,0.1613951994032209,0.1652408750344448
0.18319731329815425,0.16641266711597513,0.1626942093821541,0.16483388713549824,0.15969712425821095,0.1631647988100074
0.17439045947159854,0.16576488821187793,0.16661452715874503,0.16485400065886077,0.16380704106194535,0.1645690834369724
0.18626138379991192,0.16541839320139606,0.16287800405655964,0.16363237582528298,0.15844866884189643,0.16336117427495295
0.18329253262892398,0.16590993984208083,0.16267682497515037,0.1646900745006301,0.15922761001574634,0.1642030180374685
0.19143274771000893,0.16467734938893247,0.16277949832307936,0.16254902861816647,0.15708825542284358,0.1614731205369691
0.1864505783057046,0.16513466924510223,0.16490900131798758,0.16304642321441806,0.1585178100393569,0.16194151787743066
0.18369892374024907,0.1666035778649566,0.1638248245329964,0.1637221997155564,0.15918889803345732,0.1629615761127842
0.19087096524956382,0.16473183219369175,0.16262093836538796,0.16262093836538796,0.1576017727539005,0.161553553072068
0.18425998009037756,0.16614785769398013,0.1632364800451353,0.1638631768694526,0.15847094860524213,0.16402155669581234
0.18521790858415982,0.16554889375398665,0.16380344220035786,0.1636971378369641,0.15882305219154602,0.16290956543298557
0.17988767588562216,0.1660116542262797,0.16323053155992132,0.16558545142302133,0.16027678920805663,0.16500789769709884
0.17969414110646548,0.16608797893413615,0.16588611988316804,0.16421626361900574,0.16135654946667777,0.16275894699054677
0.18307615842339703,0.16532671517333367,0.16619098279919625,0.16386395158988493,0.15942735582843068,0.16211483618575745
0.19061194806644519,0.16461967576757455,0.16356680839199778,0.16220858658349485,0.15750010037910128,0.16149288081138632
0.18867661517860115,0.1646459542667803,0.16385645240715066,0.1633029202356337,0.15788036386706736,0.1616376940447668
0.18304932104237015,0.1658929003042555,0.1647328236734678,0.16411585834578,0.15924704010658686,0.16296205652753964
0.18296860183380698,0.16671936062691708,0.16304000567640545,0.1641556544178278,0.15942126883623992,0.1636951086088028
0.18172567002721665,0.16583265871533878,0.16422391319086777,0.16461924120165666,0.16048758005823122,0.16311093680668892
0.1894494065947927,0.16479327579389888,0.16328456697158564,0.16260876609225425,0.15808316901670458,0.16178081553076415
0.18237400690501535,0.16648802403368684,0.1635130066323321,0.16433767796320062,0.1590017063433991,0.16428557812236594
0.18264838161886782,0.1656936853649806,0.16395944835475995,0.16425937494208667,0.15972770662929317,0.16371140309001178
0.19093689190541566,0.1647605792522753,0.16291676622859078,0.16258116451233315,0.15737505087720038,0.16142954722418473
0.18843411454040654,0.16476234483521263,0.16385866853901404,0.16297704309440908,0.15769193839555207,0.16227589059540565
0.18520944927247346,0.16601698209956647,0.16454124559718472,0.16355456950348587,0.15907180432774543,0.16160594919954402
0.18810534927246023,0.16520472606830833,0.16362744926277428,0.16264864078567629,0.15877129282030455,0.16164254179047638
0.1889533592107679,0.16461097493483157,0.16393035442696174,0.16282366712184934,0.15830173310462506,0.16137991120096437
0.18985802354105571,0.16473240063703476,0.16359076014631566,0.16259306200141535,0.1577640417967882,0.16146171187739045
0.18790248646826108,0.16502140784658195,0.16347097871639565,0.16314722921461586,0.15821288573351733,0.1622450120206281
0.17962723251531604,0.16515285968382915,0.1673708917432028,0.16409518932642236,0.161006986723215,0.16274684000801468
0.17395837022327462,0.16536152774981455,0.16750793834757438,0.16584487896315064,0.16349206076800513,0.16383522394818065
0.18091300102206417,0.16536146437623905,0.16485870172279293,0.1643630312869246,0.16115986790302503,0.16334393368895422
0.18522669385561746,0.1649088704050106,0.1653573377746195,0.16327586128352564,0.15895306754439367,0.16227816913683307
0.1888451025485117,0.16481702538518644,0.16333379136093817,0.16311089442255036,0.15782316872973856,0.1620700175530749
0.18652370503879745,0.16510015271134154,0.16398128497534697,0.16365234011103588,0.15874439265469317,0.16199812450878495
0.181972078083175,0.1659922644332254,0.16468573379254717,0.16400185324560845,0.15996981575402122,0.16337825469142275
0.18562737481316752,0.1651784483828814,0.1643185274985065,0.16347884855695236,0.15889065480968204,0.16250614593881021
0.18524447834339175,0.16571139970174173,0.16408545519012546,0.16324768553192742,0.15913017506126254,0.16258080617155107
0.18902731048967325,0.16469031850617702,0.16400903999223201,0.16301064213981206,0.1577010510100985,0.1615616378620071
0.17433188869988425,0.16740598611544674,0.16665226770135175,0.16422551411741426,0.1643124510281409,0.1630718923377621
0.18083380112980113,0.16673599529960945,0.1620731993002325,0.1654310322774282,0.15944155131650162,0.1654844206764271
0.18986544815633946,0.16497809075384642,0.16281212821494992,0.16281212821494992,0.1575410997095854,0.1619911049503288
0.18272061592914676,0.16521757025999254,0.16651831127859026,0.16335292198427925,0.15988279491248353,0.16230778563550752
0.18287656712071793,0.16572191573129716,0.16572191573129716,0.16369442935851947,0.1596650875596861,0.1623200844984822
0.18270910563856665,0.16518083817225687,0.16616803923712659,0.16318357395782232,0.16023371489642269,0.16252472809780505
0.17899509277533718,0.16627608517250012,0.16575960925771716,0.1638642603455688,0.16262277845677447,0.16248217399210227
0.18095289306585832,0.16566963998194742,0.16425239000202077,0.16462477109414902,0.16038656256702005,0.1641137432890044
0.18789926497968792,0.1653204363135082,0.16285630618135385,0.16340176449495894,0.15836326505945603,0.16215896297103524
0.1859688552810684,0.16506832110246222,0.16441736426575887,0.16325388156117873,0.1591149214665674,0.16217665632296444
0.185733663449805,0.16566835990903656,0.16466331924107264,0.1633661313169237,0.15830086958798023,0.16226765649518188
0.18486040278233168,0.16604069788741957,0.16278908178932014,0.16394727359026098,0.15941765860946303,0.16294488534120444
0.19017025817367195,0.16498281582245442,0.16277396643251257,0.16266133067263358,0.15780386015532666,0.16160776874340083
0.18624753106003758,0.16523356804705153,0.1638959120530205,0.1635691715655643,0.15850052017169047,0.16255329710263564
0.1676684290789338,0.15937988086612195,0.2,0.15901059946040125,0.15694865848860645,0.15699243210593647
0.1846947891530374,0.1658013918671804,0.16316697180603118,0.1641321971951951,0.1587721157457375,0.1634325342328184
0.1864779182435366,0.16516692764932941,0.164191629842633,0.16324220059270456,0.15845197142200537,0.16246935224979098
0.17986994499327552,0.16696722925702046,0.16277781496001437,0.1647591592590343,0.16071358145015208,0.16491227008050327
0.18919404136869528,0.16475458641529778,0.16369875001549034,0.16278536827866702,0.15761827393299693,0.16194897998885266
0.1821960278229712,0.16591439875804945,0.16508037695047023,0.16406506016018346,0.15981232621242966,0.162931810095896
0.18920640251325954,0.1648233846783609,0.16334521434560134,0.16290224013466148,0.1578519619220852,0.16187079640603155
0.1821037799835026,0.1658320482884618,0.16472470046207907,0.16374736038993368,0.15998908804279383,0.16360302283322906
0.17950713711110838,0.16633103878697306,0.16478668240306424,0.16385495223313248,0.16171119408238668,0.16380899538333515
0.18711973393890916,0.16518407861277545,0.16408551543731933,0.16281004995113624,0.15856076487322693,0.16223985718663292
0.18915995259845594,0.1649068071599739,0.16387947243668438,0.16266220828962666,0.15785536595078623,0.1615361935644727
0.1859535029374694,0.1650333322328929,0.1650333322328929,0.16318313409164872,0.15840089935355167,0.1623957991515444
0.1860982477385353,0.16538260002606764,0.16311201515239837,0.16396012817318312,0.1594194061043268,0.16202760280548878
0.18396588123608326,0.1653975382413692,0.16445222874467375,0.16363257589744343,0.15996775505460958,0.16258402082582066
0.18405832408237183,0.1651796441740025,0.16389748667561,0.16453277112469292,0.15982434044506447,0.1625074334982583
0.18274247859554016,0.16536697397136765,0.16443218162126444,0.16432982797548373,0.16054460207199334,0.16258393576435068
0.18604205300682258,0.1650267013688373,0.16427450136565613,0.16385169968267696,0.1587477474930559,0.16205729708295114
0.18296909160609975,0.1658605857064255,0.16374472114087615,0.16405416019027855,0.16068955632072024,0.16268188503559966
0.17695646514981353,0.16667007711035417,0.1642798467667839,0.16638560603808517,0.16129462441765502,0.1644133805173082
0.17838463186720485,0.16577097136855684,0.1666601890246811,0.16480929469102037,0.16145917366244952,0.16291573938608733
0.18389177702734,0.16535100654016677,0.16439864305848892,0.1645031993986397,0.1592391601814117,0.16261621379395294
0.18404053641272794,0.16541265179257683,0.165203029581303,0.163172373232843,0.15914683952604278,0.16302456945450644
0.1897995073689171,0.16435757659770073,0.16366765924248855,0.1627676506673546,0.15757296662204098,0.16183463950149807
0.18654830360311994,0.16499500615786786,0.16455328529223417,0.16325997342635887,0.15858153272460712,0.162061898795812
0.18199072222658536,0.16553080374571988,0.16640914422752498,0.16342712429083234,0.16076567323901012,0.16187653227032736
0.18664572064650387,0.16508081855177517,0.16440051083137483,0.16307748083928883,0.15820206237627055,0.16259340675478662
0.17777487223712707,0.1657192210943155,0.16705659476243537,0.16371709373796528,0.16249862481783342,0.16323359335032325
0.17738720688721904,0.16778960625193945,0.1625659047692889,0.16498361026570263,0.16106618755626992,0.16620748426958012
0.18235075963196595,0.16511204788725958,0.16673061839720685,0.16346452204087045,0.15982149798686088,0.1625205540558363
0.18608511313826542,0.1656774299850963,0.1635302341591944,0.1633224275436785,0.15883137311233564,0.1625534220614297
0.1899587471856396,0.16491605329848988,0.16339758282909322,0.1623822230084903,0.15757039339300366,0.1617750002852833
0.1868144585389439,0.1652117099802785,0.16454901633815694,0.16294409570888482,0.15831356155473306,0.1621671578790028
0.18585858494758564,0.16597509656216947,0.16268563590796498,0.16385699321779443,0.15899042451961523,0.16263326484487026
0.18682333288147274,0.1650333219438994,0.1644791403816586,0.16328937709232966,0.1584948965277796,0.16187993117286004
0.1895073068043956,0.16496207016233028,0.16313477903424028,0.1628021537600099,0.15793300600016838,0.16166068423885555
0.19079156368959554,0.16496711558864807,0.16253224222977575,0.16253224222977575,0.15758628098188612,0.1615905552803188
0.18397241216020682,0.1651888735918709,0.16465410916021586,0.16381492071051598,0.1593241993837365,0.16304548499345398
0.18133718261093895,0.16563384251783214,0.16474619159644888,0.16455195426744015,0.1600873333490478,0.16364349565829212
0.1910329172182115,0.165019600807983,0.16258837530353204,0.16247653163189651,0.15745238615831408,0.16143018888006286
0.18311327775765998,0.16516385157577013,0.16421503856580644,0.16411116327783462,0.16045915214691567,0.162937516676013
0.175064686587533,0.1681532317988555,0.16233491185196364,0.16625595748931918,0.16151778663782512,0.16667342563450355
0.1839845156296311,0.16577742121575853,0.1637202084324535,0.16392065080367277,0.15902660350865294,0.16357060040983115
0.18609797148528756,0.1658287551087848,0.162920272126929,0.1637902989178839,0.15817275590701438,0.16318994645410037
0.19059964584445446,0.16497499594778442,0.1625487094747783,0.1625487094747783,0.15771772743028653,0.16161021182791796
0.18118047685115163,0.16513174877151005,0.16634142258007464,0.1639626575128926,0.1602267047880572,0.16315698949631383
0.19233953652489358,0.16468833252573928,0.1625677779909893,0.16222592411915657,0.1571253707354882,0.16105305810373302
0.1863779228258978,0.16584227845511945,0.162406830306888,0.16408345542293418,0.1581655057194856,0.16312400726967496
0.18766574044147127,0.16513488469490398,0.16390725883191115,0.16314732831466708,0.1582129981024132,0.1619317896146332
0.18978866404323355,0.16500302884465917,0.16361188209901542,0.16260246699149658,0.15742823469141093,0.16156572333018449
0.18689376970057112,0.16592642912917532,0.16392695937542054,0.16286262966410264,0.15840884294108648,0.16198136918964387
0.1863960115104739,0.1650490346068175,0.16471773842890775,0.16237726778867762,0.15892774689615768,0.16253220076896552
0.18637898881397563,0.16476786434169283,0.16499015132832845,0.16324948250337856,0.15846286440980925,0.16215064860281528
0.1844107690074083,0.16581807587820666,0.16302762869883464,0.16450290911761092,0.15864054574467518,0.16360007155326425
0.1888212159264781,0.16468962683781965,0.16308900047997588,0.16308900047997588,0.15816095489383797,0.16215020138191255
0.18446780887426642,0.16580879429292197,0.16403823011311533,0.16333401672040848,0.1593642159097242,0.1629869340895637
0.18464924254339715,0.16555377913068375,0.16449690167210218,0.16306804915707665,0.15980891003402425,0.16242311746271604
0.18616548936054222,0.16566425674965832,0.1641078105628614,0.16346105241906872,0.15855526953332594,0.1620461213745434
0.182964654999244,0.16531915559972937,0.16467085941227383,0.16320255910862488,0.16120125847411143,0.16264151240601646
0.17554898863460477,0.16625142976954962,0.1677732831799674,0.16444058651916516,0.1632260144497239,0.16275969744698918
0.1796259758404168,0.16573902102432683,0.16614210539579438,0.16436411265215076,0.16122750304048233,0.16290128204682883
0.1858207315507685,0.1649666481167896,0.1649666481167896,0.16348869436660166,0.1586391827148783,0.1621180951341722
0.18299808651976,0.16534696015572695,0.16534696015572695,0.16357941798331352,0.16000150915137998,0.16272706603409262
0.18980086131968293,0.16465607391588322,0.16352296928560175,0.16275029891624762,0.15754317969752,0.1617266168650645
0.18292593924217326,0.16619588842480837,0.1631215279263804,0.16425652304603827,0.1598155302612519,0.1636845910993478
0.18171710928589524,0.16503550183252885,0.1649340081555658,0.1638363724818281,0.16127385176130293,0.16320315648287906
0.18144456245428847,0.16597250107612033,0.16526457239432368,0.16350719057233692,0.16119820111344269,0.1626129723894879
0.17843611233400308,0.16534024242229767,0.1665801974224735,0.1644158200127676,0.16263552482101404,0.1625921029874441
0.1879565983388519,0.16545967599059383,0.16304448682738434,0.16304448682738434,0.1584457016451234,0.16204905037066208
0.1839275565581102,0.16575953763145276,0.164594924967947,0.16366981796757696,0.15972343738266587,0.16232472549224713
0.18347194502277747,0.1660883231592809,0.1634638592685327,0.1644903607707781,0.1590722215872155,0.16341329019141532
0.18119208920194094,0.1662256353269166,0.16373530852093154,0.16471034439851556,0.16016002930580264,0.16397659324589275
0.18256236479479315,0.1662212013337566,0.16389625002734823,0.16420439577668336,0.15937262883265177,0.1637431592347669
0.18228211807395842,0.16663123978087052,0.1628265070090706,0.16462630466701608,0.1594659513443514,0.164167879124733
0.1856328606405493,0.1658044059587764,0.16266484733256614,0.16436279764917178,0.1588183506475794,0.16271673777135698
0.1823745243706869,0.16609512707888768,0.1633208346432196,0.1652500161906251,0.15929098541289172,0.1636685123036888
0.1870673676583168,0.16511984554475023,0.1635589468563604,0.16334138639727272,0.15826938920065384,0.16264306434264605
0.18842005101643516,0.16476951135009263,0.16341833434783587,0.16286985299481693,0.1583535367847812,0.16216871350603815
0.18553713554625545,0.16560500768680483,0.1633348149989054,0.16375626790825928,0.15879679555822643,0.16296997830154858
0.18828804256758908,0.16514810248591116,0.1634688898824851,0.1629260501819249,0.15835771988267816,0.1618111949994116
0.18161603076260782,0.1663631081642686,0.16347780482768562,0.16499391532064414,0.15962319403110128,0.1639259468936923
0.18687192310895567,0.16511182003958458,0.16369169339523926,0.16326577493903102,0.1586820843027758,0.1623767042144137
0.18137410038305932,0.1659003025332131,0.163580744330434,0.16457058329880953,0.15995346725488185,0.16462080219960232
0.1840188690266131,0.16614570042956336,0.16270901135737253,0.16417197701053757,0.15946898933145584,0.16348545284445765
0.18760691363397497,0.16507107383280312,0.16304781591022477,0.1635985499121046,0.15822430958399686,0.1624513371268957
0.18482714470547418,0.1657700136304336,0.16304488258581878,0.16389453909031698,0.1591551333504092,0.1633082866375472
0.1844317901159591,0.16617202026187017,0.16265809242857043,0.1642125346572349,0.1588907058787373,0.16363485665762806
0.1887478401985836,0.16530477254294973,0.16281538048535885,0.16292490832125742,0.1579884458138315,0.1622186526380189
0.18391108397020675,0.1667143227881856,0.16344017683520978,0.16409308334277825,0.15877668884478266,0.1630646442188369
0.1736152310344133,0.1675745937871931,0.1634269396091117,0.16635056572321755,0.16300411561555678,0.16602855423050755
0.18475645641795818,0.16547680652373117,0.16335688210881588,0.16450716793147965,0.15880223293541945,0.16310045408259563
0.18338791294112228,0.1656504644630185,0.16292350904775582,0.16521701469182476,0.15871699611101361,0.164104102745265
0.1838534310122222,0.16620647934424168,0.1629610263978108,0.16439006882364873,0.1589714652118643,0.16361752921021228
0.1845778156597007,0.1659945336590029,0.16337499188205312,0.16422685280666502,0.15881733511657198,0.16300847087600628
0.18248594427182463,0.16622247744001503,0.163028143578112,0.16464077936842006,0.1595443862285579,0.16407826911307052
0.18371148315069558,0.1661007025357232,0.1629456457667402,0.16480472349589403,0.15893379629981336,0.16350364875113363
0.19085781824201678,0.16483755599287842,0.16264863897261506,0.16276063730877818,0.15761936828947545,0.161275981194236
0.18338040767057634,0.16593328118981185,0.16339863049463713,0.1640155516941806,0.1596177205530868,0.1636544083977074
0.1818383880533754,0.16696307706339358,0.162273424353287,0.16480156344112085,0.15999644389668138,0.16412710319214174
0.1762038774130939,0.16787852990577182,0.16270052601149165,0.1658690333419012,0.16181861995919558,0.16552941336854593
0.18447156218224564,0.1657301034561527,0.16362573294275096,0.16362573294275096,0.1593780528215419,0.16316881565455787
0.18328560912395583,0.16719663865482157,0.16284943372864183,0.16423973497438113,0.15867614184365286,0.16375244167454664
0.18538978398192296,0.16608191907082726,0.16308845707934538,0.16373231246332792,0.15867221872269519,0.1630353086818813
0.1838317121706353,0.16643444475447006,0.16298047253859657,0.16450876551815644,0.1589132285651767,0.16333137645296492
0.189022916014446,0.16506734390113875,0.162861260628934,0.1630759372214148,0.15832235806861247,0.16165018416545401
0.181945285959772,0.16719664913042992,0.16311399530732365,0.16473171101011735,0.15935039757914224,0.1636619610132149
0.17777384219475928,0.16739075826599675,0.16386382443106406,0.16533140433353094,0.16163228128268362,0.16400788949196538
0.18877458120994303,0.16475269169693235,0.16341793928058962,0.16276850287173253,0.15831398396834198,0.16197230097246032
0.18881826329766804,0.165174297561585,0.1626241322687646,0.16327231786261995,0.15817660446387807,0.16193438454548456
0.18264800874945455,0.1655969349664445,0.16297784665951826,0.16538842963311623,0.1592760730142569,0.1641127069772096
0.18731803802756292,0.16536133285970123,0.16280037220639976,0.16367065941443398,0.15852992957403866,0.16231966791786342
0.18525937774610643,0.16560739258010698,0.16353437928840897,0.16353437928840897,0.1594202666721669,0.16264420442480176
0.1862256850354215,0.16534220159388896,0.16313955286672877,0.16378627758552197,0.15842011233476092,0.16308617058367783
0.18430701280840572,0.16650243013002125,0.16300176694783247,0.16438239148425365,0.15885670522333234,0.1629496934061546
0.18360128799406286,0.1663130148025077,0.163239649875226,0.16416523380888523,0.15928852485279663,0.16339228866652156
0.18562192163935493,0.16594187463299667,0.16290873885932716,0.1635374498446841,0.15934011573964407,0.16264989928399307
0.18386373960596156,0.16582400560665672,0.16313744398393498,0.16408144996714652,0.1594869747850422,0.16360638605125805
0.17490298524221387,0.16677434710678338,0.16376034352030264,0.1669658510239897,0.16171709466221623,0.1658793784444942
0.17909229587196407,0.1668094709452358,0.16338116746956147,0.16485240895796321,0.1609621442920938,0.1649025124631815
0.18591435204743073,0.16511912872274492,0.16405544400629904,0.16332921799646194,0.15961407713148426,0.16196778009557908
0.18510031114526335,0.16544327349703053,0.16321155535387272,0.16436311607910178,0.1589269149559039,0.1629548289688277
0.18681103152832812,0.16476884424341567,0.16366760584256754,0.16345133968167505,0.15917353316801847,0.16212764553599532
0.1809267536721144,0.1659627658499772,0.1645137303254227,0.16423096673401008,0.16073993109341006,0.16362585232506552
0.1845632222467774,0.16584511802984023,0.1637864336318796,0.163681314205053,0.159324121596203,0.1627997902902468
0.18090915506549957,0.1655336254974738,0.16475462601728483,0.16418149292535691,0.16048695525271767,0.1641341452416672
0.19077838917991946,0.16500923117350427,0.16281662028169713,0.16259329467184083,0.15768308027555347,0.16111938441748488
0.1828292531042841,0.16567106467375897,0.16463682945134855,0.16343434031776902,0.1600434188370939,0.1633850936157455
0.1828089514555696,0.1657206949710386,0.1641827498329122,0.16378365951854612,0.1605540808355061,0.16294986338642736
0.1880859469599361,0.16515598171516843,0.16304907000836924,0.1631569561656129,0.1581966993658382,0.16235534578507496
0.18494790080848714,0.16582783062218143,0.16349769813391418,0.16329320184552393,0.15969674539792805,0.1627366231919653
0.18091196070548296,0.16658919507754585,0.16359760137784288,0.16429675231676352,0.16055899568753046,0.16404549483483435
0.18100060253109418,0.16603027070873663,0.16361527582227217,0.1647016327191208,0.1600006896657992,0.16465152855297702
0.18901501962733833,0.16503287640834668,0.16294512042059484,0.16305206113300139,0.15832141856561405,0.16163350384510466
0.18901501962733833,0.16503287640834668,0.16294512042059484,0.16305206113300139,0.15832141856561405,0.16163350384510466
0.185352044560267,0.16601720223601976,0.16287726057591323,0.16371630090510284,0.15931514885271345,0.16272204286998387
0.18699906253827075,0.16490063193375706,0.16380007199443392,0.16369185074251202,0.15845097742318592,0.16215740536784035
0.18358399178255408,0.16582776664652227,0.16364772267922872,0.16364772267922872,0.16009542862201462,0.16319736759045156
0.18101455354183227,0.16581662041823234,0.1653958860640255,0.16416330810074703,0.16088134447076602,0.16272828740439685
0.18279076901245983,0.16589456654795223,0.16458653821515395,0.16363638096857291,0.16063447573511197,0.16245726952074907
0.18494767929161757,0.16548705578046732,0.16398111716934932,0.1636665358006496,0.1593312868907018,0.16258632506721435
0.18589655484835282,0.16533168158041073,0.16467750468252335,0.1634042157854841,0.15916634845634703,0.161523694646882
