0.29081723751259986,0.2306344406901583,0.23661976109030056,0.24192856070694124
0.2832428055413235,0.23643841632071363,0.23655220956844344,0.24376656856951948
0.290324835306757,0.2275332374625343,0.2399225717528144,0.24221935547789433
0.2942085312448916,0.2287401878245587,0.23742608550705724,0.23962519542349262
0.29960150034222927,0.2267921537093597,0.23534025887094587,0.2382660870774651
0.3105478608704476,0.22229506177407424,0.23220683138570494,0.2349502459697732
0.2818840244266239,0.23482899872992927,0.24145585493833288,0.241831121905114
0.2790815706887148,0.23720190734929011,0.23994397683771748,0.24377254512427757
0.29717853722754,0.22746143832409071,0.2365298413824629,0.23883018306590642
0.30906212137206496,0.22350540676802802,0.23210456718444106,0.23532790467546594
0.2952837301225896,0.22838300769518907,0.2381002665523927,0.23823299562982858
0.2648631954106937,0.24185960830852718,0.248583640449576,0.24469355583120303
0.3042803792627095,0.22435029356969438,0.23452038351516577,0.23684894365243037
0.3113263608684918,0.22166301093274873,0.2321286137412051,0.2348820144575543
0.3022841865058185,0.2258728006356012,0.23476330002261622,0.237079712835964
0.28539200755065336,0.23262745164545331,0.2403085059321288,0.2416720348717647
0.28723114923583803,0.23032996588711022,0.23807699902021973,0.24436188585683208
0.30276799670541865,0.2253857828101157,0.23541499540261232,0.23643122508185344
0.30410068922007355,0.22529306017724768,0.23465910343919613,0.23594714716348272
0.30418422757069963,0.2251471773618561,0.23412862765449602,0.23653996741294822
0.3025253308498744,0.22590219193424899,0.2345861289032172,0.23698634831265944
0.30948362793161727,0.22271766314389863,0.23237926599137404,0.23541944293311004
0.3063422285514176,0.2233085061332295,0.23382487291972842,0.23652439239562448
0.30372696321587805,0.22335376490382872,0.23582690700657283,0.2370923648737204
0.2886621131630357,0.23269271533861366,0.23737626911681134,0.2412689023815393
0.2983791223870766,0.2273153695646745,0.235331009782952,0.2389744982652969
0.2823090104890365,0.23218904870120502,0.2425571413513433,0.2429447994584153
0.30770221066927367,0.2232471723073354,0.23318600937462797,0.23586460764876294
0.2773396057148944,0.23746113407693825,0.2398315021932554,0.24536775801491198
0.27090341435153614,0.23470385903426805,0.24785714603373135,0.24653558058046451
0.2705760255344294,0.23427131784993563,0.24834951255789026,0.24680314405774464
0.3050144633505612,0.22451352860006088,0.23390253216657433,0.23656947588280364
0.30011388372289605,0.22559259006572138,0.2365310343675804,0.23776249184380208
0.2985536462744102,0.22519124918073044,0.23735632081871005,0.23889878372614928
0.27690312860586624,0.23532590044972546,0.24198024794334597,0.2457907230010623
0.30328945177049865,0.22501199398380603,0.23421699043340774,0.23748156381228755
0.29873361387682146,0.22643784994882923,0.2372130383933112,0.237615497781038
0.30731552235355775,0.2227165316551302,0.23377399311745847,0.23619395287385359
0.3008049701077692,0.22469747197143,0.23577989453086215,0.23871766338993872
0.2926904462834159,0.22735693909193685,0.23870362930855346,0.24124898531609382
0.2861670237958142,0.23241325687150746,0.23989949807439215,0.24152022125828612
0.2854360530494994,0.23109096294272982,0.2416690421577897,0.2418039418499811
0.29489067196155205,0.22941389561388317,0.23714085258575338,0.23855457983881134
0.2756977265235087,0.2391449944133259,0.2414149265103969,0.24374235255276866
0.3042556260620557,0.22340933823860917,0.23495809268359405,0.23737694301574105
0.29328714207857065,0.22953873329040056,0.23763314410885647,0.2395409805221724
0.3011630324374996,0.2261609253671515,0.23556816853766246,0.23710787365768649
0.28490412546239735,0.23013031942926832,0.2424177914295146,0.24254776367881972
0.28490405203310587,0.2300574456537066,0.24258421119138854,0.24245429112179892
0.28162885073056015,0.2323965090429494,0.24318401047920413,0.2427906297472863
0.28179220601381844,0.23243158277543405,0.24321533574880405,0.24256087546194352
0.2971323455950727,0.2259277895128093,0.2374311575296464,0.23950870736247176
0.30145601574670167,0.22664609817421769,0.23475773272230357,0.23714015335677707
0.29738101398922495,0.22601618380919128,0.23726381091534807,0.2393389912862357
0.29668519548766226,0.2270898261887356,0.23652733261471606,0.23969764570888608
0.29668519548766226,0.2270898261887356,0.23652733261471606,0.23969764570888608
0.2577877653091816,0.23983351540838874,0.2535311199028596,0.2488475993795701
0.27074796974248444,0.2348082620836226,0.24704122990182167,0.2474025382720714
0.2939102164208545,0.22670808349906954,0.2383528271570602,0.24102887292301575
0.2989290433507296,0.22457529482034966,0.23702118254187796,0.2394744792870428
0.2932446303348228,0.22733374717653446,0.23771059590889707,0.24171102657974566
0.23522495506968824,0.2101786317864974,0.3333333333333333,0.22126307981048102
0.2896059014902072,0.227999616513203,0.24211165869206422,0.24028282330452558
0.29123274464061233,0.22717153529743037,0.24058786922197417,0.2410078508399831
0.2972698452119326,0.226407448159312,0.23766785570493346,0.238654850923822
0.3022753355972157,0.22409100255047765,0.23545414214862392,0.23817951970368267
0.28962826816815807,0.22803599693215626,0.24109857006789784,0.2412371648317878
0.2917697759475153,0.22718034645988305,0.23808825743691434,0.24296162015568726
0.29198417219061773,0.2272811793090732,0.23793381166700725,0.2428008368333019
0.2964613545614147,0.2245027228845439,0.23872530170493045,0.24031062084911095
0.27415457038150104,0.2367342837901024,0.24437138589645657,0.24473975993194005
0.2937374999870469,0.22929310390496463,0.23691483026379592,0.24005456584419257
0.3065870319728984,0.22358352878622892,0.23344441225110968,0.23638502698976296
0.2909566318570867,0.23042891277680558,0.2365619297134132,0.2420525256526945
0.30417749549381934,0.22405044952851627,0.2349745700764888,0.23679748490117558
0.27154543700307565,0.24270374670353964,0.2417239389132927,0.244026877380092
0.3024597291676214,0.22523387152488797,0.2345853701725559,0.23772102913493467
0.2833206318760563,0.22993064221658124,0.24275817671374036,0.2439905491936221
0.2971288518953299,0.22527223303222418,0.23656796356928866,0.24103095150315723
0.2847081129881179,0.2322828870696673,0.2399837380763278,0.24302526186588702
0.3078676826950046,0.22283411877348025,0.23269776976158937,0.2366004287699258
0.28268016848838123,0.2338773504251963,0.2401627608626494,0.2432797202237731
0.2802407503424642,0.2361751001986496,0.24018454795933816,0.24339960149954806
0.2948039732319779,0.22669462394721504,0.2386326136492659,0.23986878917154117
0.2936571427402222,0.22557809892292033,0.2373373407630287,0.2434274175738287
0.23792524851896643,0.20821030672441262,0.22053111142328766,0.3333333333333333
0.27208108164133926,0.2406246068848659,0.23989006106730637,0.24740425040648847
0.29384287023624456,0.22742892885187427,0.238609554318463,0.2401186465934181
0.306808466461336,0.2235245261992211,0.233207884483244,0.23645912285619883
0.28491252743836476,0.23217649797792164,0.2407896708349598,0.24212130374875376
0.31145193920172387,0.22140923038757554,0.23218556180022784,0.23495326861047275
0.29712494033990927,0.22706133582583501,0.23679405627873837,0.2390196675555174
0.2999152403104051,0.2262198195395083,0.2352418930971375,0.2386230470529492
0.3044465057356677,0.2252598702987816,0.2332166369021741,0.23707698706337652
0.28737541108768033,0.23007864615742535,0.2402438521574449,0.24230209059744945
0.28456579991312225,0.23041411775430362,0.23938137337771384,0.24563870895486029
0.2892787740812364,0.2319357509196153,0.23750796992723597,0.24127750507191228
0.27553055547586036,0.2377158034456666,0.24227962669536615,0.2444740143831068
0.30113122901510475,0.22454119615488966,0.23491424960455629,0.23941332522544925
0.27645714368149754,0.23806756464570392,0.24314158368334612,0.24233370798945242
0.28470096266235373,0.23272604504491898,0.24047241282483747,0.2421005794678898
0.2762554223014362,0.23875471133285,0.24255025500614694,0.2424396113595669
0.30603423857330114,0.223947518856078,0.23409992921555267,0.2359183133550682
0.29066739732816577,0.22982063568504327,0.23896082441786767,0.24055114256892338
0.3072039612093676,0.2229839232896634,0.23398807648601608,0.23582403901495297
0.2955245950627546,0.2260224793140632,0.23819295379821384,0.24025997182496828
0.29404243947586955,0.22795215866864746,0.2370223869133453,0.24098301494213772
0.2988936429535467,0.22709516916230585,0.2358634727576563,0.23814771512649113
0.3010071887622183,0.22617029791907672,0.23550731362147778,0.23731519969722714
0.29628235591600366,0.2273520955590365,0.2373128300525238,0.23905271847243603
0.3019500074835995,0.2252260447728933,0.23538659791206898,0.23743734983143824
0.28033365959136397,0.2290000740250581,0.2451369950700174,0.24552927131356048
0.29220395168165947,0.2286791018160382,0.23896660273105816,0.24015034377124414
0.29182976737321226,0.230320336685633,0.23644549532507053,0.24140440061608426
0.30184713287515347,0.22393883472832787,0.23590576632911375,0.23830826606740488
0.2945725765353156,0.22562937231693314,0.23795463511407297,0.2418434160336783
0.28653849658097913,0.23294001296421507,0.2380673739508451,0.24245411650396073
0.29634854741224476,0.2266245591843027,0.23761623499006246,0.23941065841339013
0.3097313519814014,0.22215106324470413,0.23267363564158494,0.2354439491323096
0.3041446634114827,0.22472724461356386,0.23465220144547896,0.23647589052947446
0.3034904850686116,0.22263770292882099,0.23556675757239598,0.23830505443017147
0.3020694978467959,0.22573738463294749,0.23518180482275738,0.23701131269749928
0.29708639195875325,0.22658260103302974,0.23769033130972858,0.23864067569848846
0.28930481574758843,0.22885310896936417,0.23970655847806807,0.24213551680497938
0.2901827166738266,0.23118649388696155,0.2376470085766893,0.2409837808625225
0.3004354344329518,0.22659345517317828,0.23411373333761398,0.23885737705625595
0.3115494427215379,0.22205853829536928,0.23168279797992455,0.23470922100316824
0.2966739919777647,0.22781793573190093,0.23687770658600746,0.23863036570432694
0.2989079190562269,0.2251613387530124,0.236774836576656,0.2391559056141047
0.2968607415682016,0.22646495808653735,0.23731483469601733,0.23935946564924374
0.29324674484066277,0.2282583958657873,0.23777095713998386,0.24072390215356618
0.28144915601995385,0.23542936897582686,0.2396956487095935,0.24342582629462575
0.30995089190222275,0.22188384136231543,0.23269372866440832,0.23547153807105348
0.29772626782330547,0.22804101949874475,0.23540984492395833,0.23882286775399156
0.31200078954208993,0.2218776522397176,0.23154114904530312,0.23458040917288936
0.30696531194933113,0.2229247822988635,0.23357833492537208,0.2365315708264332
0.30219679423257734,0.22512212990925415,0.23513326634796494,0.23754780951020363
0.28362691067455087,0.23141204588010925,0.24268182140721342,0.24227922203812643
0.2851594904117856,0.2345520933311012,0.2392159374926438,0.24107247876446938
0.2786623220081197,0.23812987028356628,0.2408740641520367,0.24233374355627743
0.3107049529570651,0.22167609176855754,0.23255971963178698,0.23505923564259043
0.29435125325110073,0.2276163360295491,0.23748164510586423,0.2405507656134861
0.29463926967976956,0.22772679257737027,0.2377025433681682,0.239931394374692
0.2997963548747689,0.22572535103715283,0.23716941247444923,0.23730888161362915
0.29971888853369827,0.2254336792138301,0.2367972840662659,0.23805014818620573
0.27430562965442346,0.23491211701905393,0.24471649542081209,0.24606575790571059
0.2899562761774364,0.2292760244250078,0.23822915432922645,0.2425385450683293
0.26887174413898546,0.2421909206480534,0.24410992320176172,0.24482741201119942
0.2976252831014649,0.2253814632379587,0.2381443310828969,0.23884892257767945
0.2900233189934995,0.22763957106939312,0.24053725974589937,0.241799850191208
0.3108875495165099,0.22112227676681764,0.23258837660046572,0.23540179711620676
0.2986004272479924,0.2270053406151585,0.23578105815613817,0.2386131739807109
0.2916763369458206,0.22903199612414582,0.23867386683021427,0.24061780009981937
0.30939988048533934,0.22237417311895646,0.23271626178484303,0.2355096846108612
0.2927805944441762,0.22634249924427097,0.24064246925000443,0.24023443706154843
0.2952359677765609,0.22722449080373394,0.23775502337375617,0.23978451804594894
0.28147319962772327,0.2308772404747305,0.24307995221463205,0.24456960768291425
0.28206378235631063,0.23572350418075885,0.23926583233260978,0.24294688113032073
0.29045106243134633,0.2304973875338853,0.23730910981637818,0.24174244021839023
0.30888909601326003,0.22282888198183948,0.23321055382041658,0.23507146818448388
0.3039366213977344,0.22408425701951828,0.23382994546811187,0.2381491761146354
0.29008362883591093,0.22933718809674267,0.23881741697533687,0.2417617660920095
0.28958421566097164,0.22909158897508972,0.24007055505467648,0.24125364030926222
0.2864999672904462,0.23206226536150443,0.23878597755070832,0.24265178979734112
0.30584961073541167,0.22425015041800123,0.23387280178709313,0.236027437059494
0.288146224524283,0.22820764185919362,0.2417562709576915,0.24188986265883192
0.2887225371194988,0.22979493776892548,0.24003685610622172,0.241445669005354
0.3096284754001731,0.2220659315296036,0.23264971599001383,0.2356558770802095
0.30333805559037585,0.22369571752336656,0.23557462596586443,0.23739160092039316
0.2955777382912188,0.22883556827615414,0.23530574051522946,0.2402809529173976
0.30253925302952295,0.22666695471956802,0.23409541296376837,0.23669837928714066
0.3046626922460847,0.22521009466884537,0.23319178335143217,0.23693542973363768
0.3069568930184227,0.22363212685256115,0.23323623875783037,0.23617474137118566
0.3019274414812931,0.22493786737514265,0.23539717320101095,0.2377375179425533
0.2821095055100873,0.2352485969611864,0.2396251002479275,0.24301679728079884
0.26802604415477294,0.24173662156223005,0.2425976019288633,0.2476397323541337
0.28448291544425347,0.2339088833566001,0.23949973816978243,0.24210846302936403
0.29553396954217326,0.22829862840893392,0.23680720733826685,0.23936019471062608
0.304293980455735,0.22363586740790284,0.2346814708839722,0.23738868125238988
0.2985242957702447,0.22680000065473138,0.23520203180549462,0.23947367176952924
0.28735188592307176,0.23122289263213694,0.23991726185768328,0.24150795958710802
0.2963281693489584,0.22751856061247014,0.2368247748158794,0.23932849522269203
0.29543507169786604,0.22837645112854266,0.2372379396110018,0.2389505375625894
0.3048899140184322,0.2237870170105071,0.23378521031247057,0.23753785865859015
0.26954413321893306,0.24458569234884586,0.2415006764134355,0.24436949801878557
0.28374211684902767,0.22837323069307736,0.2440114074194345,0.24387324503846045
0.3068625058391162,0.22259455757651062,0.23420079629444135,0.23634214028993192
0.28962502748102953,0.2318192482180698,0.2379555359809824,0.24060018831991825
0.2899238785673688,0.23104140292295383,0.23777464580540666,0.24126007270427066
0.28946765305312067,0.23241051397456425,0.23822487432704456,0.2398969586452705
0.28032810436016886,0.2389641414616728,0.23860914638293704,0.2420986077952213
0.28446478562214284,0.23169963946312647,0.24126223157945012,0.24257334333528058
0.3018426681216048,0.2250616634184168,0.23493195108545148,0.2381637173745269
0.2972036383416774,0.22808676593385388,0.23596829864656774,0.23874129707790095
0.29684648979496286,0.2266844387276528,0.23682981669139555,0.2396392547859888
0.29415504090104766,0.22833305948918522,0.237459190709145,0.2400527089006221
0.30765369711214396,0.22325002775821834,0.23317384621702064,0.23592242891261705
0.29782539942062364,0.22620974752243997,0.2366712761760679,0.23929357688086847
0.26578472706996836,0.24327004120020554,0.24336161549143343,0.24758361623839276
0.29377285951802057,0.2267760793060137,0.23882135898951226,0.24062970218645355
0.29847597851915125,0.22627648093327205,0.2366280706725472,0.2386194698750295
0.28162885073056015,0.2323965090429494,0.24318401047920413,0.2427906297472863
0.30527427212476016,0.22336020160279205,0.23459762281621635,0.23676790345623142
0.28803763596381676,0.2310674054354334,0.239005583584075,0.24188937501667485
0.305233943351283,0.22372726987388167,0.23417825757267255,0.23686052920216283
0.28764466659071136,0.23117754231010926,0.24040463434985385,0.24077315674932553
0.2812472427712244,0.23598974113620994,0.24132308881985196,0.2414399272727137
0.3001051544829965,0.22648394882144426,0.23597033890676397,0.23744055778879516
0.3052531895983512,0.22426004011701417,0.23378628227437948,0.2367004880102553
0.2973335124922362,0.22672422399861003,0.2369622508484004,0.23898001266075333
0.2972549423303095,0.22806689883535747,0.23483258511157482,0.23984557372275828
0.2921703024180606,0.23056861429099348,0.237284695721984,0.23997638756896197
0.2921621158903874,0.22958331341324326,0.23651215940606826,0.24174241129030108
0.28901693506880566,0.2320083591286222,0.23724554959239472,0.2417291562101774
0.2973378116520757,0.22699114273622867,0.23552267088053946,0.24014837473115622
0.2895342315996455,0.2322293588872012,0.23735350231129684,0.24088290720185646
0.27469301071515934,0.23480259529779599,0.24274188888759465,0.24776250509945016
0.27894846014066516,0.23631734003391824,0.23998384602024483,0.24475035380517185
0.2919493576298458,0.22861711007916552,0.237292895504737,0.24214063678625167
0.2926041206179115,0.22907555014714379,0.2389715660598927,0.23934876317505194
0.30674411824001574,0.22287908927047914,0.2339738988497918,0.23640289363971334
0.29871221555494387,0.22676515948593687,0.23572001177592236,0.23880261318319676
0.28785386152137954,0.23420504379958695,0.23701170737147423,0.24092938730755922
0.29894957913265136,0.2257315656311837,0.23703634391883235,0.23828251131733255
0.27755867240414395,0.23917894959894317,0.241024228842827,0.2422381491540859
0.2755279798101728,0.2337687883026008,0.24691650839470716,0.24378672349251926
0.2887264854801646,0.23174606957437768,0.2385703588594673,0.24095708608599042
0.29742183190321997,0.22713025006593177,0.23673205377788467,0.2387158642529635
0.3072222890635654,0.22311892401221275,0.23404073786150026,0.23561804906272152
0.2994518778095829,0.22625151924999423,0.23615042403864608,0.2381461789017768
0.29668519548766226,0.2270898261887356,0.23652733261471606,0.23969764570888608
0.2994094010924173,0.22651308810458626,0.23522503436288947,0.23885247644010707
0.30599942255426776,0.22387737267462518,0.2335765825265034,0.23654662224460363
0.30921766178033766,0.22246200986240836,0.23292935866571027,0.23539096969154372
0.29218769783214543,0.22891012636116592,0.23846343745864207,0.24043873834804655
0.2856234560829276,0.23129003038952442,0.2403819447688137,0.24270456875873428
0.30986629844740665,0.22220747075025485,0.2325966963431262,0.23532953445921223
0.28982723190127385,0.23145944562806656,0.23784475710818656,0.24086856536247303
0.26965620702885806,0.2350226800814332,0.24819381015454456,0.24712730273516423
0.29210166959720735,0.22786830625891472,0.23956449933165744,0.2404655248122205
0.2973329965102652,0.22504474102848718,0.23803399034315173,0.23958827211809589
0.30872158844335185,0.22282639113517763,0.2329996037416446,0.23545241667982586
0.2856292544876474,0.23248958045761958,0.23991921145500758,0.24196195359972536
0.3132124742916853,0.22104773558408697,0.23133406881847315,0.23440572130575457
0.29792120846608733,0.2246034559303706,0.2374908416852788,0.23998449391826315
0.3014557005186331,0.22539778089855958,0.23500339503773512,0.23814312354507217
0.3068435314493564,0.2230083637640864,0.2337306888745676,0.23641741591198953
0.2996805293537167,0.22657219108826976,0.23574257753498962,0.2380047020230239
0.29838110797661355,0.22783324192198848,0.23709180906481772,0.23669384103658028
0.29833634318326047,0.22663144969733576,0.23610474423837113,0.2389274628810327
0.2929976874071516,0.22633526014861516,0.23916569311692715,0.24150135932730613
0.30414587577899815,0.2241979120368248,0.23460369675363502,0.23705251543054204
0.29345377388889693,0.22901857509906268,0.2383183334165424,0.23920931759549802
0.29398340343811624,0.2303209417694442,0.23702132634477177,0.23867432844766776
0.29779295210926443,0.22687992005460333,0.23584639394799148,0.23948073388814076
0.289656959194657,0.2338392133483047,0.2375325495719616,0.23897127788507663
0.27255214028253394,0.2418622200685139,0.24070230947584392,0.24488333017310834
0.28185520316929086,0.23532854452291677,0.2395593362153777,0.2432569160924147
0.29694956202884903,0.2272283725551745,0.23615299953377655,0.23966906588219997
0.2899775954602694,0.23131502508461277,0.23826670491829308,0.24044067453682474
0.30677614188431274,0.2229353839373539,0.23381332725561185,0.23647514692272156
0.28932489249017207,0.22975154601526562,0.2397246585002085,0.2411989029943538
0.2864476967338227,0.23401063882922313,0.2389588134394459,0.24058285099750823
0.2862127879279764,0.2347762708199673,0.238369807849087,0.24064113340296936
0.2788631603544345,0.23891596139045632,0.2388062375045733,0.24341464075053595
0.3020681434983366,0.22555256980620608,0.234898695051213,0.2374805916442443
0.29223478403216663,0.23034064327758366,0.23699249345062964,0.24043207923962004
0.29080614307945846,0.22802794718703814,0.23919732708941813,0.24196858264408524
0.28509792786263427,0.23114725006256917,0.2409364068765587,0.24281841519823785
0.2886680474667769,0.22925236915816613,0.24044898378369262,0.24163059959136426
0.2877140393458508,0.2289640029787403,0.24107078900406617,0.2422511686713427
0.2960431874307294,0.2264856482394145,0.23660019309921357,0.2408709712306425
0.2879368634182907,0.22847981330004904,0.23975493524038186,0.24382838804127835
0.29981778145821536,0.22523835081009103,0.23656750053927253,0.23837636719242114
0.3031972565667579,0.2250465556076929,0.23496656229502713,0.23678962553052205
0.29593419144341276,0.2268189990980873,0.23760708676187878,0.23963972269662112
0.30295732319747437,0.22541810347953453,0.2343677229520197,0.23725685037097136
0.28614351986093944,0.2296739201869904,0.2407203817865903,0.2434621781654798
0.2993420388159034,0.22641185117623128,0.23597269736833493,0.23827341263953042
0.2853869686272328,0.23023700566596783,0.24225265495717654,0.24212337074962278
0.29198883042934004,0.22848503919817706,0.2388750921686835,0.2406510382037994
0.3010705890697643,0.2246502967475483,0.23564727093323423,0.23863184324945327
0.29406570725651826,0.22764115725403378,0.2383880599743762,0.2399050755150717
0.29304552748564455,0.22697016547344073,0.23924483270950028,0.2407394743314144
0.3040322186884441,0.22404022683690494,0.23504511475152645,0.2368824397231245
0.2921386887059421,0.22775438755851243,0.23873647015293367,0.24137045358261186
0.2662247384620543,0.23918762257639833,0.24688409821910495,0.24770354074244239
0.2938843602930571,0.22674504247506075,0.23786554920277303,0.24150504802910913
0.29026169774875393,0.22630695876314488,0.24027305711290067,0.24315828637520054
0.2916600412545853,0.22745574558213952,0.23944530482969506,0.24143890833358003
0.293595234938757,0.22722261548383382,0.2380214412834056,0.24116070829400363
0.28816534717371883,0.22899948382469906,0.24069223571903398,0.24214293328254813
0.291255338524779,0.2272586518102674,0.23906265606934615,0.2424233535956076
0.3093856003482782,0.22253806089391762,0.2320975083735035,0.2359788303843006
0.29049844594380597,0.22925429840507403,0.23965823252986906,0.24058902312125094
0.2864944717997311,0.23015251784379084,0.24080669052569656,0.24254631983078154
0.2726103966715107,0.235858569962787,0.24533200201544866,0.24619903135025356
0.2933118072387857,0.22865821214994156,0.23842629532872794,0.23960368528254483
0.29050119128460844,0.22740858340266953,0.24042057730038616,0.2416696480123358
0.2956268511329585,0.22668542162272165,0.23794454123600386,0.2397431860083159
0.2916846514402273,0.22750783846849956,0.2388874789290039,0.24192003116226923
0.3046953048488471,0.22475003527496198,0.23342006352547195,0.23713459635071885
0.287157514791111,0.229349171720812,0.2403784138838596,0.2431148996042174
0.27691082759820007,0.2358868485876463,0.24192042777522052,0.24528189603893305
0.30410926863261456,0.22493125675004108,0.2344444987865366,0.23651497583080774
0.30413469037376334,0.22425850784677628,0.2340587452824021,0.23754805649705826
0.28834198798140237,0.22775768623939038,0.24029652515278987,0.24360380062641737
0.30033001993153874,0.22548145607820771,0.23533748936893864,0.23885103462131493
0.29527983491521526,0.22859332854919892,0.23691460688059504,0.2392122296549907
0.29758467523795346,0.22546293345645352,0.237568054403672,0.23938433690192104
0.2929415705087028,0.22743355949010083,0.23796860597232153,0.24165626402887483
0.29113975584041446,0.22858463782254754,0.23914342756469675,0.2411321787723413
0.2961269656829844,0.2281510017182411,0.23671302191748014,0.23900901068129435
0.2916235617380762,0.22861777474128617,0.2392653738658486,0.240493289654789
0.26926882589619777,0.23556569110098216,0.24619541390035501,0.24897006910246522
0.27981784708617213,0.2333772989319929,0.24346657174990086,0.24333828223193402
0.2969713864038574,0.22912292795543943,0.23519633974365164,0.23870934589705153
0.29471809698558854,0.2269207223345585,0.23735628729233105,0.24100489338752193
0.29908738674092383,0.2273815059822872,0.23504794464021903,0.23848316263656996
0.28460995225036695,0.23303279136400049,0.2404056633858135,0.24195159299981903
0.2936379220245265,0.22874027708205677,0.23767753487445364,0.23994426601896315
0.2844950314612661,0.23224046386613972,0.24157168356416844,0.2416928211084258
0.3092456407954859,0.22299728728134663,0.23195701815310343,0.23580005377006408
0.2894125110822831,0.23112168338627204,0.23966991456050346,0.23979589097094137
0.28922122534775685,0.23211467900311056,0.23826228288732573,0.24040181276180683
0.30233147388732023,0.22465378257566207,0.23546536486094471,0.23754937867607287
0.29452836773447316,0.22945571420905173,0.23729069604342512,0.23872522201304994
0.2844704560664995,0.23234390040707073,0.2412711470104946,0.2419144965159352
0.2844894640336694,0.23048852169595554,0.2424465941054846,0.24257542016489045
0.30468517684768104,0.2247897096218967,0.23341538079170807,0.2371097327387142
0.30468517684768104,0.2247897096218967,0.23341538079170807,0.2371097327387142
0.2954433695325946,0.22812163112587233,0.23693191575736328,0.23950308358416975
0.2996444527778323,0.22572780815630403,0.23532688175130898,0.23930085731455472
0.29106697570128853,0.23060065851661507,0.2385864725810544,0.2397458932010419
0.2851181361515142,0.23395054498572646,0.23864279056983065,0.2422885282929287
0.28938065507580873,0.23276449113560468,0.23742126286696064,0.24043359092162597
0.294573840677227,0.22862809554227248,0.23700848233677882,0.23978958144372187
0.29716711880356184,0.22864120623839412,0.23468513269749172,0.23950654226055237
0.2903444575466792,0.23088133267143826,0.23830050656723337,0.24047370321464911
0.2936502302660147,0.2279676381166521,0.23806225858642305,0.24031987303091018
0.29976814534832746,0.22832868029655565,0.23429043297558882,0.23761274137952804
0.2933168595062388,0.22946282510631677,0.2371317562360653,0.24008855915137917
0.27717545375703084,0.23824212537403278,0.24191499689096888,0.24266742397796756
0.28357639568739995,0.23287650912462265,0.24024901023219913,0.2432980849557782
0.29024170574728086,0.23155751623197537,0.23715984446310193,0.24104093355764178
0.30704280272100365,0.2241007582245357,0.23307990790928013,0.23577653114518063
0.29033648403126144,0.23150537793009404,0.23763156610385738,0.24052657193478713
0.2957748031320943,0.22933165038768832,0.23499163586266783,0.23990191061754954
0.30523722118786806,0.22362584393072482,0.2343656785245519,0.23677125635685525
0.30199592584421436,0.225849488523146,0.23462020631045036,0.2375343793221892
0.29360262590501557,0.22777755069028874,0.23793653678916757,0.24068328661552818
0.2889654162044804,0.23053659895518933,0.23890059149251028,0.24159739334781996
0.29901219100631254,0.225864906590975,0.23625958997310756,0.23886331242960482
0.3067018354651491,0.22394611088098926,0.23306171275201792,0.23629034090184367
0.30620058687758683,0.22423520918188047,0.23319660197216596,0.2363676019683668
0.2806608876387639,0.23647441895792165,0.23943851241881664,0.24342618098449786
0.3030535248652976,0.22484150804206515,0.23420471240631527,0.23790025468632195
0.28601357582173276,0.2318661944518119,0.24149596300104526,0.24062426672541007
0.2880734552949257,0.23324737937668014,0.2380074198730406,0.24067174545535366
0.29024467633574347,0.23115306321763415,0.2384828496271668,0.24011941081945562
0.30515977644032627,0.22435864340747794,0.234197134254443,0.2362844458977528
0.283294163196495,0.23484090886962017,0.24087577629568838,0.24098915163819648
0.2942403132317495,0.22895026208518035,0.2374060539231291,0.23940337075994114
0.29179556763991693,0.2313171996699944,0.23731223169340498,0.23957500099668372
0.30641891223081713,0.22306995873162339,0.23373853513252585,0.2367725939050337
0.29432457979681775,0.22979680371419395,0.23721558778057814,0.23866302870841014
0.2804240360169205,0.2380657385749895,0.23977012652966442,0.24174009887842554
0.28880079687558324,0.232063018182753,0.23901506722618274,0.24012111771548106
0.2823422071737628,0.2348428165764597,0.23930899970458305,0.24350597654519457
0.30201453558879215,0.2265161890329389,0.2348321543816143,0.23663712099665454
0.307253926419561,0.2234658966995046,0.23331370205714874,0.23596647482378572
0.29632503062354065,0.2272348082367578,0.2365235128982706,0.23991664824143097
0.29316194177974003,0.22974428907847566,0.23678614370874443,0.24030762543304
0.29570325196510333,0.22820099744224467,0.23679563713364468,0.23930011345900726
0.3010324727774743,0.2263859274321388,0.23514975483906073,0.23743184495132622
0.30560461170613734,0.2242658983734681,0.2332034520022772,0.2369260379181174
0.30225364317901166,0.2257397227302934,0.23387449198752344,0.23813214210317146
0.2803034317327096,0.23556434945868487,0.2423538399561095,0.241778378852496
0.27600064556923376,0.2394430502902072,0.23975584499535788,0.24480045914520113
0.3061238005175569,0.2238337752939814,0.23397224360027744,0.2360701805881844
0.29409303757115957,0.2298631877321641,0.23782998433014654,0.23821379036652965
0.2975805159376112,0.22791101186250376,0.2350604164166068,0.23944805578327824
0.2987472679465016,0.2270225700724736,0.23571354699979455,0.23851661498123025
0.2845974734940386,0.2345416242623132,0.24012363508653492,0.24073726715711327
0.3047203267272603,0.22417772549528445,0.23463638260742092,0.2364655651700344
0.29540959511403386,0.22879485526733537,0.23612497616785263,0.23967057345077813
0.3000182027482004,0.22556508859685712,0.2363118454151573,0.23810486323978516
0.2751495487616586,0.24005506177195893,0.24168118764588598,0.24311420182049637
0.28317796305705084,0.23541865439096463,0.2400304122422704,0.24137297030971414
0.28940347798032556,0.23202096999426328,0.23742057915090395,0.24115497287450727
0.3014439288852994,0.22516396631829014,0.2350732171676656,0.23831888762874495
0.31209374292365505,0.22155465954448042,0.23179455415373906,0.23455704337812558
0.29564375787044983,0.2291305202150309,0.23517133993706466,0.24005438197745463
0.31147534716284236,0.22220540915994666,0.2315111101602376,0.23480813351697352
0.2920862831946877,0.23064862933114538,0.23669779418485412,0.2405672932893128
0.30934198184403244,0.22282119600023562,0.23228705664333849,0.23554976551239348
0.3093126117846942,0.22253048777882536,0.2328643599472416,0.23529254048923887
0.29422763276235836,0.2290305577403351,0.23686005501021798,0.2398817544870886
0.30237789497617,0.22526311916085517,0.23461208764580424,0.23774689821717057
0.2866875763579981,0.23034476278927862,0.23997074694976417,0.24299691390295908
0.2970567186610723,0.2286413459307107,0.23498478216104046,0.23931715324717653
0.3035573267659856,0.2248357976060591,0.23475083433333557,0.2368560412946197
0.2925424750619478,0.2301497441831384,0.23716403647873494,0.24014374427617877
0.2794465889286563,0.23635201676179193,0.24051916865133338,0.2436822256582184
0.28088615248065535,0.23667723749667594,0.24012837314984284,0.2423082368728258
0.28781569281064256,0.2322233590273587,0.23912696591265595,0.2408339822493428
0.28726601541844693,0.23161340818304146,0.2398862080326081,0.24123436836590342
0.30262210671522727,0.22560190635239685,0.23391653493518674,0.23785945199718916
0.3092941534561821,0.22368392651029478,0.23187758213586743,0.23514433789765565
0.29908847005783096,0.22584370886133678,0.2366530775973016,0.23841474348353064
0.29056803336595516,0.23084283248218795,0.23619173832219761,0.24239739582965925
0.2927135490497422,0.22980575971218828,0.23801062276663507,0.23947006847143437
0.2853504030723802,0.2334748172277016,0.24017386468381927,0.24100091501609908
0.28312858419226455,0.23617749339041016,0.23956702063944665,0.24112690177787874
0.29737730600277845,0.22869058534542616,0.23569608463856836,0.23823602401322705
0.29871799135599,0.2278058875188038,0.2355959540240606,0.23788016710114565
0.29158990487805686,0.230294420646859,0.23834260265438223,0.23977307182070193
0.30560461170613734,0.2242658983734681,0.2332034520022772,0.2369260379181174
0.31111185146652787,0.22210647461402577,0.2314431658085118,0.23533850811093457
0.2996320314390113,0.22666555511320838,0.23555453663155212,0.23814787681622826
0.2954576089925905,0.22873915007432277,0.23690881143670686,0.23889442949637985
0.30560461170613734,0.2242658983734681,0.2332034520022772,0.2369260379181174
0.2960407107255282,0.22857467586387245,0.23613620633148377,0.23924840707911563
0.2939779972528075,0.22834586181775215,0.23771138895005853,0.23996475197938175
0.2965267480325637,0.22696488639326687,0.2363197952236202,0.24018857035054939
0.28963961789269926,0.23000323535615452,0.23960034913994108,0.24075679761120516
0.2871354547634629,0.23149511294059313,0.24015223524267582,0.24121719705326816
0.28937565788657604,0.23054894366055953,0.23812155044862324,0.24195384800424122
0.31144689054677027,0.22182399924685395,0.23170516446836545,0.2350239457380103
0.31209655138114384,0.2211959032537789,0.23167970091726484,0.23502784444781244
0.28612556498192493,0.23185458577260218,0.23950096920719188,0.24251888003828112
0.28665884136919556,0.23210625553711953,0.23924490803748255,0.24198999505620247
0.2836366121933977,0.23416793449486614,0.24017650687364667,0.24201894643808952
0.2906973046126242,0.23060005226367442,0.2377525254725644,0.24095011765113697
0.29344051258292775,0.22930181670247637,0.23670207010922303,0.24055560060537295
0.30560461170613734,0.2242658983734681,0.2332034520022772,0.2369260379181174
0.30560461170613734,0.2242658983734681,0.2332034520022772,0.2369260379181174
0.3068993151220284,0.22329054243010127,0.23343042253627147,0.23637971991159887
0.28235379410367406,0.23425310664502083,0.24105610880191117,0.24233699044939402
0.2953083521844086,0.2287982767774106,0.23605903470117875,0.23983433633700202
0.30670705542553783,0.22373730020220606,0.23303478225818883,0.23652086211406734
0.29003102288400867,0.23049095095376052,0.23839066696107128,0.24108735920115953
0.29563819003626984,0.22899341656216587,0.23605259764342115,0.23931579575814307
0.3052049047362767,0.22442703617114765,0.23333019975350325,0.23703785933907237
0.3068851582416597,0.22368512024394246,0.23365660079363362,0.23577312072076415
0.2988666511833861,0.2258764348896006,0.23632001629258007,0.23893689763443324
0.29990446374487906,0.2274930730030483,0.2351758785527681,0.23742658469930458
0.2928645059780062,0.23041436798272352,0.23792489894250293,0.23879622709676732
0.2886337887526544,0.2312630548627291,0.23960736928531068,0.24049578709930594
0.2980297671119814,0.22875486544610657,0.23544131837222693,0.23777404906968505
0.29021060130444437,0.23316327475220466,0.23697717167341573,0.2396489522699353
0.2949430677656286,0.22890557704794587,0.23708192213892024,0.23906943304750528
0.3033998590366397,0.22486011994960953,0.2342887365355191,0.23745128447823172
0.2919284787850242,0.22909760896321227,0.23747966740176985,0.24149424484999368
0.3022757329891414,0.22486754533892064,0.23483819355499372,0.2380185281169442
0.3098289118722994,0.22273106727254036,0.2322276072016294,0.23521241365353085
0.2789329443711746,0.2367364525929049,0.24075631190795768,0.24357429112796278
0.3066264138979688,0.2229364656852739,0.23384958545898024,0.23658753495777715
0.2827082540211878,0.23568938032016326,0.23968120294312012,0.24192116271552874
0.30500835543341825,0.22451570771754767,0.23390452326918731,0.2365714135798467
0.2998689728145774,0.22674066188292608,0.23539641567572792,0.23799394962676865
0.31113895937953173,0.22168120856430587,0.23162340574550658,0.23555642631065576
0.2878491048942656,0.23269537245233998,0.23858312052089367,0.2408724021325008
0.3104640338572132,0.2226127006691413,0.23195243515464384,0.2349708303190016
0.2998573136729536,0.22683881371986994,0.23561446280571838,0.23768940980145792
0.2963237337741199,0.22907710496361824,0.23566588089044974,0.23893328037181213
0.29283426619510894,0.2302036896135425,0.23662922839051403,0.24033281580083446
0.29746731277612,0.22760141070623408,0.23568481230446459,0.2392464642131813
0.2978856618271571,0.22788475153561785,0.23515722484950152,0.23907236178772354
0.27612689689240244,0.23451815448786126,0.24396157286910822,0.24539337575062803
0.2889538029631538,0.23226268604414887,0.23725838915831046,0.24152512183438682
0.2894053014022199,0.23263153276680193,0.23829421580427682,0.2396689500267013
0.292201019988376,0.23031319758841795,0.23726656140562996,0.24021922101757612
0.2905423297824478,0.23182484827512903,0.23690057539426568,0.24073224654815747
0.29121689453750604,0.23177292114820036,0.23659791670926641,0.24041226760502712
0.27620507469472655,0.2386853458055349,0.24145013638923196,0.2436594431105066
0.29191204183926484,0.23059805654748533,0.23617476070892662,0.24131514090432327
0.28436938920411037,0.23312335987143754,0.2379651408277846,0.2445421100966675
0.2933083296551545,0.23080045145003866,0.23574933074605264,0.24014188814875417
0.3047820945769257,0.2250782682260606,0.23349335936452062,0.23664627783249315
0.28000183541445106,0.23627715322161935,0.24034964401360773,0.24337136735032183
0.29962157593192956,0.22758281640096192,0.2353893500805162,0.23740625758659228
0.28578020664524023,0.23368737078141164,0.24020255385467135,0.24032986871867681
0.30665095569215967,0.2232325153359057,0.23326955223451848,0.23684697673741614
0.296094367282627,0.22908159258651664,0.23681497631365336,0.238009063817203
0.2808665005869943,0.23618984938419088,0.24055677896632252,0.24238687106249224
0.2870079857540497,0.233451692809859,0.23858956090146155,0.2409507605346299
0.2881102951011761,0.23366588792981327,0.23757594917172342,0.2406478677972872
0.29831872551036365,0.22833398230056803,0.2349641354612049,0.23838315672786345
0.2827766771914501,0.237185290047679,0.23825429471910897,0.2417837380417619
0.27635744828956577,0.23804827467922438,0.24297327963915752,0.24262099739205234
0.3103122034136409,0.2229742625359016,0.23200162882440825,0.23471190522604915
0.3053355547461816,0.22470018718262608,0.23312448577529377,0.23683977229589867
0.2908862662726953,0.23094736561700194,0.23812655490463777,0.2400398132056649
0.2854373042285588,0.23470789382734913,0.23892608739708474,0.24092871454700734
0.301901685938184,0.22635428085140533,0.23440767491486345,0.23733635829554722
0.2925616744580359,0.23278911905461352,0.23687952009530874,0.2377696863920419
0.3011587037029441,0.2281734429940121,0.23377043145708298,0.23689742184596077
0.3038417940995134,0.2243445722618039,0.2342802315630326,0.23753340207565019
0.29131825227980107,0.23180428402119083,0.23693727226365938,0.23994019143534873
0.3041121814047675,0.22642665455565125,0.2334165673042771,0.2360445967353042
0.29806829671329343,0.2286327530951516,0.2351154830109683,0.23818346718058656
0.3030871973114588,0.22597346485264588,0.23431896884345516,0.2366203689924402
0.28362280657845196,0.23431984662450453,0.2398031743212317,0.24225417247581182
0.29021577723214853,0.23138002379986192,0.23749378604638516,0.24091041292160442
0.28173577637081954,0.2374090609291433,0.2379872715763418,0.24286789112369542
0.2959455214767173,0.2298381121920918,0.23588423828825153,0.23833212804293935
0.2940688726415355,0.22982506502344294,0.23682798041783767,0.23927808191718392
0.29707438761813054,0.22856601261422563,0.23616540921964602,0.23819419054799784
