0.22488204804880613,0.19694678515259392,0.192856962622308,0.19599365717188016,0.1893205470044118
0.22019293443896468,0.19834175331250667,0.1924134482682472,0.1967061247909558,0.19234573918932565
0.22442990273294575,0.19816192644324765,0.19446932454507854,0.1958347127452124,0.18710413353351574
0.2268206296302332,0.19750510921744777,0.19317261376677525,0.19447564009088536,0.18802600729465851
0.23000135182974046,0.19763434552185047,0.1918992625274947,0.19363400528813615,0.18683103483277824
0.23662134536905946,0.19590842386356974,0.19056118431450386,0.19217367273910876,0.1847353737137582
0.21916671917999891,0.19972141736118887,0.19495248126317977,0.1951773189028936,0.1909820632927388
0.21764680061440206,0.1987502210149425,0.19431839144948623,0.19660110169228737,0.19268348522888187
0.22851640070241824,0.1980728423914019,0.19247749002360068,0.19384439760894032,0.18708886927363885
0.23571999699309687,0.19628299508915448,0.19038758861130958,0.1922857735627782,0.18532364574366092
0.2275136603305172,0.19702170036586017,0.19370994414784354,0.19378839722548366,0.18796629793029546
0.20884388960017214,0.20031590253444614,0.19907279026844005,0.19673518704543927,0.19503223055150243
0.23287098247770105,0.19662774327968358,0.19170902960070296,0.19308267577040086,0.18570956887151155
0.2370809095994767,0.19588792654289097,0.1905212276139111,0.19213942185579472,0.1843705143879263
0.23172265770103356,0.196313098987335,0.19194539029605037,0.19330968365454224,0.18670916936103885
0.2215057438726788,0.1981085568051825,0.19471344456787698,0.19552381767375074,0.19014843708051096
0.22258410737143067,0.19821217732392338,0.19335771716381644,0.19709490000168048,0.188751098139149
0.23192166939317652,0.19717248503195853,0.19207907663543602,0.19268019959785562,0.1861465693415733
0.2327232647362993,0.19704399460465483,0.19166933353179197,0.1924307526881253,0.1861326544391287
0.2327756585403262,0.19701904655183994,0.1913629005562556,0.19278817537806459,0.1860542189735137
0.23180356715764672,0.1969250739789448,0.1916612367161082,0.19307925996815833,0.18653086217914192
0.2359991981251056,0.19584918834031567,0.19068075789355426,0.19246712467204577,0.18500373096897865
0.2341377301824379,0.19602359056899588,0.19147860143594994,0.1930662016713841,0.18529387614123222
0.23259112926317638,0.19610698257165085,0.19263198073735296,0.1933765143443514,0.1852933930834685
0.22346825826299258,0.1979745528212183,0.19300897803177552,0.19532089899054692,0.19022731189346667
0.229398530198266,0.19651840417880187,0.19222025930337241,0.19436836979825076,0.1874944365213091
0.21938111197162427,0.19997785511840271,0.19554278631133926,0.19577534487007622,0.18932290172855754
0.23496550930970872,0.19569979907243812,0.19119916419419797,0.19277188537217035,0.18536364205148487
0.2166918316338844,0.19826191194931772,0.19438775868782462,0.19768056687099972,0.19297793085797357
0.21233169153541245,0.20106668762790922,0.1984440958588595,0.19764697909479453,0.19051054588302432
0.21213897816988278,0.20104265610062996,0.19874712667798963,0.1978145276476809,0.19025671140381673
0.23328208819093635,0.19685805459676994,0.1912766249740431,0.19285170969812765,0.185731522540123
0.2303826608648263,0.196898540360053,0.1928176143366162,0.19354505239424205,0.18635613204426243
0.22943918668261734,0.19708299893345904,0.1932528383779617,0.19416483167313867,0.1860601443328233
0.21634277541738342,0.19878844407121507,0.1955215747454899,0.1977939520793235,0.1915532536865881
0.23232432009327994,0.1961912065658268,0.19166033124457668,0.1935818521964132,0.18624228989990338
0.22961014421918732,0.1965010055391037,0.19333461361340712,0.1935718737750065,0.18698236285329536
0.23471175965442134,0.19601227342790883,0.19145181682645834,0.19287493038650008,0.1849492197047114
0.2308070499867067,0.19673155098513567,0.19242282287165025,0.19415672830889166,0.18588184784761574
0.22584595899799514,0.19809315846164802,0.1937637701792316,0.1952764159905112,0.18702069637061414
0.22186589973910953,0.19880808654340903,0.1942747633679626,0.19524138517779432,0.18980986517172443
0.2211901240906851,0.20043287475406893,0.1948853767053828,0.19496648730605776,0.18852513714380542
0.22724208816347918,0.19736270972423997,0.1930444220309575,0.1938814900862018,0.18846928999512153
0.2153896895603071,0.2001298223455722,0.19481532356342737,0.19621263077879014,0.19345253375190297
0.23287309575945273,0.1964190863296922,0.19202930020416747,0.19345468372068866,0.1852238339859989
0.22630084079924562,0.19729375052808956,0.19335573281313118,0.19448496773335916,0.18856470812617449
0.23094008395197071,0.19750997677290205,0.19207058066402866,0.19298291200145373,0.18649644660964498
0.2211019713758621,0.19887116888574288,0.19575999862796942,0.1958375397703639,0.1884293213400617
0.22110918257851783,0.19882216665048283,0.19587258181524173,0.19579509084043897,0.18840097811531858
0.21908409914168708,0.1992669578355153,0.19611086985973752,0.1958757161748752,0.18966235698818495
0.2191796453976602,0.19928099407541117,0.19612577929008423,0.19573453071726588,0.18967905051957856
0.22860009671984097,0.19707090162578364,0.19330058232734298,0.19452887422708312,0.18649954509994926
0.2311385387851226,0.19725829974605014,0.19166453947929993,0.19307441782652332,0.186864204163004
0.22874110975695452,0.19712617906533436,0.19318572588256983,0.19441296073777972,0.18653402455736162
0.2282626469180183,0.19771513509501196,0.19257986056900334,0.19446032064953372,0.18698203676843278
0.2282626469180183,0.19771513509501196,0.19257986056900334,0.19446032064953372,0.18698203676843278
0.2040757567669193,0.20257714059744752,0.2015056584047744,0.1986595688746572,0.19318187535620157
0.212103231000782,0.20177771393334448,0.1977682825686191,0.19798697878704488,0.1903637937102096
0.22656708036448905,0.19810927051279695,0.19355130479849592,0.1951417289588742,0.18663061536534392
0.22954433739324465,0.19816669572631027,0.1927431619649141,0.19420162814218866,0.18534417677334228
0.22617101062189598,0.1981185729702597,0.193166744200506,0.19554439522523373,0.18699927698210456
0.1944506960891669,0.18868989343338516,0.25,0.18656668095630471,0.18029272952114322
0.22406257677510324,0.19769763646838673,0.1958980144804043,0.1948133640829693,0.1875284081931364
0.224778789605946,0.19963349386085885,0.19445697307556462,0.19470848996148832,0.18642225349614225
0.22856438567342685,0.19811219001448532,0.19314307599250632,0.1937296774870819,0.18645067083249964
0.2316239777747247,0.1972485686193621,0.19207962706711856,0.19369237930241254,0.18535544723638203
0.2238094423131692,0.19969629667883865,0.1947455151310341,0.19482854220253248,0.18692020367442552
0.22515949226416254,0.1991719534041712,0.1930913921091,0.1960032097066248,0.1865739525159414
0.2252795151746516,0.19923637439146713,0.1929807024713921,0.19588967257091547,0.18661373539157372
0.2281171083305649,0.19781237202350208,0.1938566221680741,0.1947974003468814,0.18541649713097755
0.21450010617459614,0.19990929756539302,0.19664987450950738,0.19687078695113783,0.19206993479936557
0.2265294014256244,0.1975816287180459,0.19284854710383223,0.19470960534905354,0.18833081740344396
0.23427929248849866,0.19606587043901308,0.191241859998764,0.19297163193574646,0.1854413451379778
0.22489355177773707,0.197497955165204,0.19266304228041853,0.1959162147616439,0.18902923601499652
0.23284361171977866,0.1962465829768724,0.19208943684938712,0.19316271207751853,0.18565765637644335
0.21323043903296113,0.1983376005604742,0.19549291482065995,0.19686315052593115,0.19607589505997358
0.23178331746995223,0.1967589216791421,0.19170899212712497,0.19355997431867739,0.18618879440510344
0.22021560295485448,0.1984733225679483,0.19607160887632497,0.19680536267356366,0.18843410292730858
0.22855260458688603,0.19746013631745232,0.19267827628267092,0.1953220543400772,0.18598692847291348
0.22104415036897426,0.19848378297446112,0.19441547943164245,0.19622653861378944,0.18983004861113273
0.23502713785747414,0.1961151462380728,0.19078834229350533,0.1930845773534108,0.18498479625753692
0.21990479998831314,0.1980298161156459,0.19464923236844078,0.19650095538290283,0.1909151961446974
0.21837909873461714,0.19850487964524574,0.19452969503732878,0.19644426643652332,0.19214206014628504
0.22717372241077477,0.19748510127198018,0.19389384878163043,0.19462623023571657,0.1868210972998981
0.2263771410498751,0.19843339432274576,0.1928547499364381,0.19648009879675213,0.1858546158941889
0.1962280145451977,0.18782644105561516,0.18644373372375475,0.25,0.1795018106754324
0.2135304902691276,0.19844139297093277,0.1943725278739024,0.198845780446068,0.19480980843996937
0.22650557319983639,0.198295150992775,0.19365088675880393,0.19454861288815856,0.1869997761604261
0.23437997213665257,0.19641050530523113,0.19099990814962814,0.19291573838894116,0.185293876019547
0.22107102201691878,0.1991287375661364,0.19471668462677208,0.19551216948599665,0.18957138630417614
0.23717161009503301,0.19564682260189623,0.19062751026734634,0.1922521199021763,0.18430193713354812
0.22854879600581693,0.19751405016033272,0.1927951761114028,0.19411397303030475,0.1870280046921428
0.2302664127590285,0.1968918048895332,0.1920579471025235,0.194055175412052,0.1867286598368628
0.2329554678010152,0.19674034345538566,0.1909073494141921,0.19318587368982737,0.18621096563957967
0.22260712281713937,0.19864219448955076,0.19452722994125268,0.19575375077117027,0.18846970198088697
0.22092188699466556,0.19871795994898572,0.19399187775975463,0.19772209920557232,0.18864617609102166
0.22387573471852185,0.19766127297222916,0.19317731692632012,0.1954125821342725,0.18987309324865637
0.21573125148763328,0.19760243536803657,0.19602363581284643,0.19732446225226025,0.19331821507922345
0.23092590477397243,0.19744562509780997,0.19170261719218623,0.1943675915428447,0.1855582613931867
0.21622684991370153,0.19791547712442928,0.19644998689473106,0.19597032268859998,0.19343736337853829
0.22100464221456667,0.19871477223565834,0.19464261410769446,0.19561321668909126,0.19002475475298952
0.21603443949815743,0.19834020974683184,0.19598319000186343,0.19591735596158918,0.1937248047915581
0.23391375587709634,0.19652870572187542,0.19149046918628004,0.19256261624994306,0.1855044529648051
0.22471639177718594,0.1975553236344235,0.19406763831098134,0.19501018239556356,0.18865046388184575
0.23463992037382086,0.19609283523644241,0.19155367672948637,0.19263380136637479,0.18507976629387554
0.2276094447460494,0.19741200584698845,0.19365407308087906,0.1948782435881348,0.1864462327379483
0.2267227848920559,0.1974804944279031,0.19294128857495196,0.19528773350314685,0.1875676986019422
0.22963193462543052,0.19717914107669074,0.19234152748574962,0.19369277519515918,0.18715462161696994
0.23091122565091185,0.19688223906933613,0.19221790165250308,0.19328575099706105,0.18670288263018792
0.22799332072267672,0.19799260618237172,0.19296569831329013,0.1939991580187895,0.18704921676287203
0.23146887323303553,0.19689292357335542,0.1921428869412902,0.19335426560688843,0.18614105064543043
0.21824755165065102,0.19965615074876975,0.1971754774147762,0.19741042827208757,0.18751039191371546
0.22557999893818975,0.19791215786424926,0.19397102596196325,0.19467385624531675,0.187862960990281
0.22543519113998736,0.19731129826196883,0.19264795523662828,0.1955833428360841,0.18902221252533138
0.23149363909553383,0.19600457884938252,0.1927086838386153,0.1941214500229348,0.18567164819353352
0.2269579804004419,0.1981268644353562,0.19330984650786878,0.19562121782395558,0.18598409083237757
0.2221802989522203,0.19815623139367805,0.19336791329991396,0.1959756693778385,0.1903198869763492
0.2281115408610728,0.19728865595125084,0.19334779760415133,0.19440986530910442,0.1868421402744206
0.23615345005516958,0.19573184774241628,0.1908890350500326,0.1925158619470507,0.18470980520533076
0.23278634974742804,0.1966572075141529,0.19177871430675486,0.19285468010835935,0.18592304832330486
0.23244399353438855,0.1961756713655514,0.19245937233621918,0.19407100001878672,0.1848499627450543
0.23160349998222343,0.19621646894666736,0.1922209065314971,0.19329788727851302,0.1866612372610991
0.22859513355156266,0.19688014150951977,0.19350807528710431,0.19406940003146872,0.18694724962034454
0.22380956482454092,0.19827739433607858,0.19430805813161495,0.1957528735292636,0.18785210917850198
0.22426267862393665,0.19880970548968444,0.19293023188104882,0.19492036810064506,0.189077015904685
0.2306293731986491,0.19634742603288607,0.19155294211078017,0.19434726923003148,0.18712298942765332
0.2372191313775113,0.19579524435700105,0.19028713674377887,0.1920649570328126,0.18463353048889614
0.2282608958608669,0.1976802761485931,0.1927974258757962,0.19383683245590963,0.18742456965883428
0.22967965324120512,0.19679433705103236,0.19299226573496853,0.1943980389761948,0.1861357049965992
0.22848179935941137,0.19670054626530328,0.19333792428803173,0.1945444942252722,0.18693523586198146
0.22626731508023018,0.19737079899705692,0.19341532831686337,0.19516383469299028,0.18778272291285927
0.21911251150795194,0.19841884833751125,0.19426258419235204,0.19648295582935638,0.19172310013282834
0.23625896349925785,0.19604243740560653,0.19080758792123617,0.1924413904348223,0.1844496207390772
0.22900341438461141,0.19660072725388109,0.1922430198917466,0.19425608024024182,0.18789675822951904
0.23748753282848564,0.19574874791685698,0.19021803186697725,0.19200297197182079,0.18454271541585937
0.23448368091823116,0.19628452603808194,0.1912554725397978,0.19299459789947995,0.18498172260440912
0.23169184903666118,0.1960751477295869,0.19223389750190983,0.1936542503802508,0.18634485535159134
0.22030544262923435,0.19908824920213503,0.19585917733003505,0.19561872837793656,0.18912840246065915
0.2213168221075826,0.19845161249702858,0.1939676268958712,0.19507291048661385,0.19119102801290372
0.21735497517059058,0.1990165890979767,0.1947984458969209,0.19566992771069505,0.19316006212381676
0.23672629122815672,0.19571802096988755,0.19082626471026787,0.1922939673493116,0.18443545574237624
0.2268733991205891,0.1977612089960619,0.19313249280904532,0.19495336039901312,0.18727953867529057
0.2271012679992346,0.1972899404216056,0.1933980099041435,0.1947172231266041,0.18749355854841218
0.23013925078082795,0.19742255432053063,0.19304453974945676,0.19312714379619064,0.18626651135299405
0.2301291651087892,0.19708096967029276,0.19292262864929952,0.19366339016967146,0.1862038464019472
0.21445197769810737,0.2006870700602998,0.1966503831996768,0.1974626739361556,0.19074789510576054
0.22417893164133082,0.1983892397290145,0.19339852036734825,0.1959632645742031,0.18807004368810334
0.21158325381377757,0.19862893490569292,0.19683458513660385,0.19726211407948274,0.19569111206444295
0.22890734684510405,0.19692224518497284,0.193764712268284,0.19418096734508555,0.18622472835655357
0.2243219078527119,0.1976112832243861,0.19498813024179504,0.19573662593186136,0.18734205274924562
0.23683062794702175,0.1957534291850114,0.19083255194849397,0.1924848720011348,0.18409851891833812
0.22946195798463884,0.19714396617187344,0.1923031310771349,0.19397817366540804,0.18711277110094482
0.22512362544104034,0.19903651977527825,0.19347876620740492,0.1946394901251225,0.18772159845115402
0.23595365823277414,0.19578441587419887,0.19089864295738607,0.1925394686867646,0.18482381424887645
0.22589139314098688,0.19815531451203539,0.19489887639635517,0.19465631708619305,0.18639809886442954
0.22743801483876974,0.19742034498853253,0.193392173248872,0.1945941748624642,0.18715529206136156
0.21919883574693647,0.19794368965668743,0.1964063432456548,0.19729092045328706,0.1891602108974342
0.2194053582801629,0.19889087928967164,0.19387366444650447,0.19606999982068993,0.19176009816297104
0.22454929073603805,0.19783941427734617,0.19300763989831718,0.19563891306530712,0.18896474202299154
0.2356444562808603,0.1959252528798439,0.19114630723079587,0.19224018100043574,0.18504380260806422
0.2327192684805524,0.19606043272395693,0.1914707386376399,0.19401136951281284,0.18573819064503794
0.22427814332718202,0.19823815144417195,0.19379022438310656,0.19554126494392704,0.18815221590161244
0.2238822018183027,0.19896915361482675,0.19433191878179465,0.1950380963936556,0.1877786293914203
0.22218198615693383,0.19798636912183254,0.19384303711568987,0.19613915923412314,0.18984944837142065
0.2338400953603997,0.1960974951843047,0.19148533209607932,0.19275294815903987,0.18582412920017638
0.22305153151192392,0.19876241975189013,0.19539502657767494,0.19547468376585042,0.1873163383926606
0.22354267158912952,0.1976908891750939,0.19466837205803392,0.19550390104574555,0.18859416613199712
0.2360797938848765,0.19592708884764268,0.1908158073600709,0.19258289938321627,0.18459441052419362
0.2323500070228468,0.19623862497320546,0.1924450922239887,0.1935148263556618,0.1854514494242972
0.22753047996862577,0.19836636731203114,0.19166426530326863,0.1946249895484443,0.18781389786763017
0.23182183128849287,0.19683875733593348,0.1913963474506223,0.19293349507971977,0.18700956884523157
0.23314935408906604,0.19603134539669131,0.1911039374691419,0.19330568121546546,0.1864096818296353
0.2344938128267552,0.19610557578144697,0.1911074502871377,0.19283633075037498,0.18545683035428517
0.231492919454687,0.19650782152518037,0.19226192562441716,0.1936416713543815,0.18609566204133393
0.21958024389896189,0.19794665844613515,0.19435263716248993,0.19636675042883525,0.1917537100635778
0.21114456417043112,0.1983005868981721,0.19602251267510531,0.1990220094214013,0.19551032683489017
0.22105961394861462,0.1974714147632876,0.1944118733950888,0.19595731271795652,0.19109978517505244
0.22767000050258435,0.1969452543803239,0.19296786213916767,0.19447628616713292,0.18794059681079128
0.23292008285731902,0.19615007934460707,0.19194559818806875,0.19353873058937762,0.18544550902062748
0.2294535664761719,0.19679316327582325,0.19206394177745706,0.19458588918678438,0.18710343928376352
0.2226347077159784,0.1983743677124607,0.19440615567254488,0.19535281292910403,0.189231955969912
0.22813207728675503,0.19702147386295896,0.19295575483825855,0.1944356530244577,0.18745504098756988
0.2275175978275459,0.1977582304623634,0.19298848937355778,0.19400454011786178,0.1877311422186711
0.2332703290783578,0.19617814005771145,0.19140915307423728,0.19361784207953,0.18552453571016342
0.21150605594751354,0.20110208480021866,0.19460002737458934,0.19633070406123046,0.19646112781644812
0.2204339075241649,0.19869030548577474,0.19675975286122893,0.19667740130831424,0.18743863282051698
0.23442693177822616,0.19622603446608577,0.19163970336346928,0.19290033357137623,0.18480699682084253
0.22406688837523714,0.19777776182265583,0.19340901970657962,0.19497818436072628,0.18976814573480114
0.22417575723158958,0.1982880622338703,0.19315605766724342,0.19522939511849463,0.18915072774880207
0.22399467090512104,0.1976124646176577,0.19361618632718286,0.19460745978097582,0.19016921836906264
0.21832890967179003,0.19913529266585714,0.1934130571890522,0.19549761404548993,0.19362512642781068
0.22100949275449583,0.19774752479135227,0.19537937446224213,0.19615718359984535,0.18970642439206442
0.23141625637701918,0.19676538492535467,0.191912387985233,0.1938201415353744,0.18608582917701877
0.22866484180638796,0.19688577947363176,0.19248895327936014,0.19412689284209664,0.18783353259852353
0.22834198099731276,0.19787558520791487,0.19271242740773512,0.19438019967539924,0.1866898067116381
0.22674512101861033,0.19784874400636424,0.19309450871405048,0.19463387504166982,0.18767775121930513
0.23489224844245027,0.19622049216460263,0.19103708364401722,0.19265514755632293,0.18519502819260691
0.22902141908981452,0.19696899566531093,0.19288064227132948,0.19443020718267784,0.18669873579086727
0.20962435355745213,0.19921544704842886,0.19623058337579422,0.19875375979829935,0.19617585622002565
0.2265475961997046,0.19760232520150592,0.19397286076578488,0.19504485504779726,0.18683236278520748
0.2294088498563408,0.1969633036905381,0.19285598620223623,0.1940327219906769,0.186739138260208
0.21908409914168708,0.1992669578355153,0.19611086985973752,0.1958757161748752,0.18966235698818495
0.23349433125622068,0.19617402036875764,0.1918893631891732,0.19316667602147028,0.18527560916437819
0.22304153022684434,0.1983793437828566,0.1938623871103516,0.19557862827510014,0.18913811060484734
0.23347317367160922,0.1961638218769794,0.19164502247858237,0.19322359926292224,0.18549438270990684
0.22284113482983145,0.19814340439195646,0.19476041928919405,0.1949794799566954,0.1892755615323226
0.21891377821145672,0.19891950651514376,0.19509321615729905,0.19516293908554166,0.19191056003055879
0.2303727397615185,0.1969552860738344,0.19246953998232566,0.1933382721850284,0.18686416199729303
0.23345882112012145,0.1964659813777243,0.19132417248582292,0.19304188718736448,0.1857091378289668
0.22872496807138074,0.19703015028051896,0.19303463855833494,0.19422734624595325,0.18698289684381222
0.2286873916868914,0.196943576442814,0.1918015336059096,0.19476342226654283,0.18780407599784224
0.22562567393133845,0.19739722965757572,0.19312011170288002,0.19471412839477614,0.1891428563134297
0.22568351077008117,0.1968869785592343,0.1928109379919211,0.1959002746234927,0.18871829805527074
0.22376389974825478,0.19734405397754254,0.19311273126592127,0.19576718040225854,0.190012134606023
0.2287565596130805,0.19677651103310273,0.19225757623330383,0.19498835573385634,0.18722099738665665
0.2239981287336186,0.19787699416543142,0.19302385192382632,0.19511899934723786,0.18998202582988585
0.2149368827935931,0.1992777060485573,0.1958434098357912,0.19884479099513566,0.19109721032692267
0.21758540541622426,0.19865216816443565,0.1943689624309054,0.19720953265029295,0.19218393133814174
0.22550540912013614,0.19730923655595403,0.1931504341414974,0.19601997527936998,0.18801494490304244
0.22585124907047854,0.19765874332569533,0.1940448429518734,0.19426851536101422,0.18817664929093847
0.2344133428313561,0.1955579991419312,0.19170434020280705,0.19312946761681093,0.1851948502070947
0.22956347107865677,0.19681811124400475,0.19236194164312626,0.19418213541349155,0.1870743406207207
0.22295414735852848,0.1982139004256904,0.19272376758069434,0.19505335809915703,0.19105482653592973
0.2296936055218542,0.19689895530502355,0.19311638768663467,0.1938525114596087,0.18643854002687887
0.21675010911256323,0.1986964903262824,0.19497657989600856,0.19570017100468445,0.19387664966046134
0.2152266560498793,0.20046530045391356,0.19803223683927992,0.19615010427242835,0.19012570238449894
0.22354603626454775,0.19768586451713416,0.19379994541927523,0.19521541597773573,0.18975273782130708
0.22872256285389944,0.19752980680562532,0.19275401935077083,0.19392962671943842,0.18706398427026602
0.23463035200523397,0.1963226671926919,0.1915169550705711,0.19244598670087912,0.18508403903062393
0.22996667962653103,0.19714611598197096,0.1925205249122044,0.1937009273386107,0.18666575214068296
0.2282626469180183,0.19771513509501196,0.19257986056900334,0.19446032064953372,0.18698203676843278
0.22997180236501724,0.19685248825183463,0.1920595001166311,0.1942017837914838,0.18691442547503323
0.23391152939486365,0.19630723427205174,0.1912481299874116,0.19299733879823125,0.18553576754744178
0.23582208933698282,0.19611712155299263,0.19092374990461813,0.19237212631681788,0.18476491288858848
0.2256670847376838,0.1971445247916326,0.19389011062538866,0.19505838337792178,0.18823989646737319
0.22168179682355235,0.1978492909826089,0.19482893585651107,0.19620752351515772,0.18943245282216997
0.23619735902503017,0.19621658383959847,0.1906977550111815,0.19230653847186688,0.1845817636523231
0.2242934398997917,0.1969652558454869,0.19357587133681495,0.19536263738504225,0.18980279553286422
0.2116009252951661,0.20095469204016447,0.19867573084092746,0.19803281305364462,0.19073583877009734
0.22554173405238437,0.19774290523370264,0.19437314035670022,0.1949076592986914,0.18743456105852144
0.22866298136757188,0.19756548900012605,0.19351633475154356,0.19443755339506313,0.18581764148569552
0.2355286832822956,0.19613462828784667,0.1909598866353531,0.19240321336627222,0.18497358842823236
0.221722765671386,0.19759364456183892,0.19462561683361781,0.1958365213944834,0.1902214515386738
0.2382026361199252,0.1957008708436638,0.1901108704421499,0.19191439907191457,0.18407122352234664
0.22902565983024623,0.19742072322335139,0.19323646483171117,0.19471335168837048,0.18560380042632074
0.2311836600723356,0.1968226860739336,0.19193722990583936,0.19379120579191753,0.18626521815597402
0.23439115319688497,0.1965257417017811,0.1912736482530353,0.19285775957764018,0.1849516972706584
0.23000904534706731,0.1980361250367965,0.19201971418871341,0.19336367984697672,0.18657143558044598
0.22935346031892398,0.19695304128427105,0.19313310729420946,0.1928979571827153,0.18766243391988024
0.2293633141381103,0.19661422142481744,0.19264846410387979,0.19431348106099244,0.18706051927220002
0.22609084610139382,0.19758339573475528,0.19418217541301855,0.19556664046412386,0.18657694228670846
0.23285717007015064,0.1958741237872597,0.19198153881664476,0.19342058687023012,0.18586658045571477
0.2263263916983105,0.19789186845017684,0.19359129291763968,0.19412025429857677,0.1880701926352962
0.22667012695709443,0.19764913770510584,0.1928912039249833,0.19387136167433922,0.18891816973847722
0.22892380449910654,0.19769350923165177,0.19218170297141599,0.19433718500303257,0.18686379829479313
0.22414141728298387,0.19734726500305508,0.19328204571751081,0.1941338313030175,0.19109544069343273
0.21357819138762832,0.1997080356006115,0.1945046721259728,0.1970095253034541,0.19519957558233325
0.2193506414932519,0.19844435316176862,0.19417414626993254,0.1963754020520771,0.1916554570229698
0.22851305955509493,0.19690816669834973,0.19259128315811042,0.19466837889859506,0.1873191116898499
0.224298714501929,0.1976043692401969,0.1936430715980907,0.19493183351362459,0.1895220111461589
0.23439923183891437,0.1959667222532673,0.19148821111963452,0.19305320128129,0.18509263350689384
0.2238309172022518,0.19819214981421074,0.19434336013902476,0.19521989743670518,0.1884136754078075
0.2222913524967428,0.19700138858389857,0.19422394963136308,0.19518376803087273,0.19129954125712276
0.22193491660407247,0.19852474494032613,0.19344260251159368,0.19479533516891073,0.191302400775097
0.21764598652930117,0.19798131918035142,0.1938568071208238,0.1965939109113793,0.1939219762581444
0.23152459112173138,0.1970405501742845,0.1918111592645789,0.1933374265650858,0.18628627287431937
0.22558918447770587,0.19799253350406099,0.19277543464228644,0.1948184809975516,0.1888243663783951
0.22472040400300738,0.19813622345607895,0.1940450865670173,0.19569233474387623,0.18740595123002007
0.22128328199152322,0.19843140510720042,0.19499744147544013,0.1961177739023558,0.18917009752348043
0.22340248962862028,0.1984750847338899,0.19469517206032597,0.19539872501893452,0.18802852855822938
0.22279360831925663,0.1987670254603674,0.1949848863293643,0.1956887334001537,0.18776574649085803
0.22791272543946473,0.1974461801030015,0.19270086824710234,0.19523063083154724,0.18670959537888418
0.22301885338931884,0.19810112048623807,0.1943866518274884,0.19680749203737882,0.1876858822595759
0.23022880112083122,0.19668649917502243,0.19290079699784082,0.1939681659363357,0.18621573676996983
0.23227893612998218,0.1961051933389072,0.19212655147666124,0.19319913884738135,0.18629018020706814
0.22785926574380644,0.19735598166713705,0.19332287899911157,0.19452635199581111,0.1869355215941339
0.2320821600186605,0.19670092808788342,0.19159778924113563,0.1933027393523986,0.18631638329992187
0.22188639355696685,0.19856040169086614,0.1948333451784731,0.196466548007008,0.18825331156668595
0.22994582270017672,0.19671759732015986,0.19254043637516044,0.19389825510957612,0.18689788849492697
0.22153434565576774,0.19788546612363705,0.19593000703061358,0.19585325753425373,0.18879692365572795
0.22544143799767336,0.19798424159341804,0.1938968790591363,0.19495169559990674,0.18772574574986553
0.23099174080727372,0.1964451366093858,0.19242841875402814,0.1941873856257188,0.1859473182035935
0.22673200081547773,0.19751520324956479,0.1937406402251525,0.19463954040278805,0.1873726153070169
0.2260669823012555,0.19800873340535927,0.19410928831985555,0.1949971394749029,0.18681785649862678
0.23271314214192998,0.1967282671717826,0.19198977813161608,0.19307417696175677,0.18549463559291454
0.2253909463453264,0.1990856729320898,0.19350306371581685,0.1950761813541505,0.18694413565261644
0.2096444285164667,0.20039624866581626,0.1980311476330233,0.19852375450759277,0.1934044206771011
0.2266680229819639,0.19716678396338275,0.1935300884766816,0.19568287937451317,0.18695222520345872
0.2245065022892878,0.1972926038593521,0.1949198003160081,0.1966274999957849,0.18665359353956706
0.22522530878889382,0.19815799302721193,0.1941863331262574,0.19537147167498994,0.1870588933826469
0.22639882487161567,0.1979645047178957,0.19339520240930297,0.19525958228778623,0.18698188571339944
0.22314035710140379,0.19820344505881424,0.1949153825842886,0.19577797081273104,0.18796284444276234
0.22500570682072787,0.19799069473827063,0.19400621797422601,0.19600236534689294,0.18699501511988248
0.23593398942714297,0.19595656858258878,0.1904825542242744,0.19276441810405617,0.18486246966193778
0.22457063361879687,0.1978782207313136,0.19439156546189096,0.19494411151976113,0.18821546866823724
0.22201696358533476,0.1991037050044833,0.19473463700660157,0.19577370253521212,0.18837099186836825
0.21343878069683636,0.20064254809730186,0.1970329248092073,0.19755478064117585,0.19133096575547856
0.22627181258866952,0.1976404238061354,0.19372713671376174,0.1944252419891841,0.18793538490224931
0.22433977718716822,0.19964179274515007,0.19435442040747633,0.19510249060457432,0.18656151905563106
0.22760052567250105,0.19800737809052676,0.19333726534479947,0.19440569413220346,0.18664913675996928
0.22519487236202437,0.1985138720314794,0.19375408270287509,0.19556007708121206,0.18697709582240907
0.23313791226871858,0.19637936161044725,0.1911341181343159,0.1933226087211787,0.18602599926533953
0.22232705386431365,0.19972350412876888,0.19430601695686825,0.1959455836437096,0.18769784140633966
0.2160955428754614,0.20024832049879426,0.19508710257127815,0.1971063793992945,0.19146265465517168
0.23281950113321126,0.19607973697420186,0.19182637958620027,0.19304438509916766,0.18622999720721894
0.2327985498074661,0.19646563141473203,0.1914852093286349,0.19354189190291166,0.18570871754625534
0.2233796223830866,0.1972281645698551,0.19495146523762044,0.1969083323361289,0.187532415473309
0.23051797016669995,0.1968097535404411,0.19213905107811893,0.1942135988768636,0.18631962633787644
0.2274633425471771,0.197423483360078,0.19289361130203475,0.19425443553258764,0.1879651272581225
0.22888730733206689,0.19689038583107862,0.19343324365772263,0.19450608770595704,0.1862829754731748
0.22592853893325562,0.1986245352716768,0.19317567731109944,0.195373016696118,0.18689823178785012
0.2248832285650446,0.19840922360099322,0.1939362044774056,0.1951199506563706,0.1876513927001861
0.22792975592550618,0.19773563804188268,0.19268389225894492,0.19404589510731737,0.1876048186663488
0.22526999994992047,0.19762745396149267,0.19422909249981027,0.19495709785116147,0.18791635573761514
0.21169214389483895,0.19927563216575467,0.19790931681381926,0.19956799406965137,0.19155491305593592
0.2180104024447104,0.19921243277959252,0.19629443825368256,0.1962177707460615,0.19026495577595307
0.2285324254150555,0.1968465629524126,0.19204436034865235,0.1941189961335091,0.1884576551503704
0.2271730240116821,0.19706859103772426,0.19325697783440415,0.19541408669608445,0.187087320420105
0.22985074520370224,0.19618566763680137,0.19215133092470515,0.1941732264649761,0.18763902976981522
0.22101714565424574,0.19827566485593762,0.19472439809223838,0.19564395402180643,0.19033883737577184
0.22643679774241252,0.197866936024988,0.1932186322770257,0.19456416591658696,0.18791346803898681
0.22103393217009304,0.197699845306015,0.19557623831438029,0.1956480848957836,0.1900418993137281
0.23582761070038888,0.19627566717273934,0.19030325133919007,0.19256627235067955,0.1850271984370022
0.22392828673698972,0.19787126951575448,0.1944000063365879,0.19447478780104716,0.18932564960962078
0.22382369639761823,0.19780303449603784,0.19358389993315653,0.19485351808640577,0.18993585108678174
0.23172420859491855,0.19657622883641385,0.1922822196949089,0.19351126994916323,0.1859060729245955
0.2269806170981196,0.1977490734099277,0.1930224653118257,0.19387350142976006,0.1883743427503669
0.22083231833797048,0.1989432712811843,0.19505611520890348,0.19544007438388306,0.18972822078805865
0.22097014381717076,0.19809493914230275,0.19598824895092165,0.19606480710570173,0.18888186098390308
0.2331345900933128,0.19635405032720502,0.19113879237300796,0.1933151181630037,0.18605744904347052
0.2331345900933128,0.19635405032720502,0.19113879237300796,0.1933151181630037,0.18605744904347052
0.22751160645721483,0.1978410770117907,0.19278346036702118,0.19430950977132147,0.18755434639265178
0.23015396939344848,0.19643033656207431,0.19224354540410282,0.1945854599972632,0.18658668864311118
0.22491993580736155,0.19779646110652702,0.19377810684771862,0.19446609610348844,0.18903940013490445
0.22130971488366613,0.19832940868583757,0.193661175323533,0.19583031040718119,0.19086939069978212
0.22386407929524926,0.1981943210774208,0.1929731147144174,0.1947641685993001,0.19020431631361245
0.22705072730758746,0.19738298252061082,0.19296064759399936,0.19460749251922654,0.18799815005857584
0.22858979120795547,0.19736926337939506,0.19158827467011835,0.19444313516716877,0.18800953557536243
0.2243953111923642,0.1985253623579173,0.1934012257281018,0.19469551813927324,0.1889825825823435
0.2264568989273165,0.1977650557849983,0.19347590718756283,0.19481534424895725,0.18748679385116512
0.2301915990195484,0.19677888900031235,0.1915292429058948,0.19349059386569875,0.18800967520854572
0.22621781433992685,0.19810921273329632,0.192824510792345,0.1945818276500797,0.18826663448435213
0.2165908332090112,0.19829417862786786,0.19561743010757246,0.19606503088702285,0.19343252716852571
0.22050725993253428,0.19759075162586,0.19482160765662407,0.19662903382439162,0.19045134696058996
0.22440574778127073,0.1979868814330783,0.19287657397695868,0.1951817945568206,0.18954900225187166
0.2345437848346397,0.19609726247190679,0.1910183739720309,0.19260486563119822,0.18573571309022438
0.22439257032895407,0.19851378870868341,0.19300597742537082,0.1947300629094566,0.18935760062753512
0.22775252397673973,0.19746567282995264,0.19174197829142425,0.19465084503485525,0.18838897986702816
0.2334535774471773,0.19640532040967618,0.19168400155094706,0.19310147146481665,0.18535562912738296
0.2315121953142101,0.19671568961772706,0.19174281724124415,0.19346266458936986,0.18656663323744885
0.226475953723269,0.1973833265656939,0.19350997938823966,0.19513649054927873,0.18749424977351867
0.22362231940760693,0.19816464472174247,0.19386070745654146,0.19546392838749957,0.18888840002660956
0.22970317567228704,0.19716214906840193,0.1925810061943656,0.1941211046641076,0.18643256440083786
0.23432577891903947,0.19631196829904063,0.19094316512894471,0.19284472569412647,0.18557436195884877
0.23402097034436561,0.19643489090712277,0.1909855471377247,0.1928543402095409,0.1857042514012461
0.21860239030730835,0.19868145545677815,0.19403535572036318,0.19641214765212067,0.19226865086342962
0.23211133677420284,0.19699837848502705,0.19141332269218744,0.1935974501521622,0.18587951189642046
0.22193114832405403,0.1977219016310255,0.19552534811690953,0.19500828898301664,0.18981331294499443
0.22301279724687142,0.1987353357296256,0.19316710769368556,0.19475556694250912,0.19032919238730842
0.22439981019311978,0.19804430777617774,0.19364613949800522,0.19461847551074427,0.18929126702195306
0.23342098154380286,0.19626875372732827,0.19162481839491247,0.19285390723810747,0.18583153909584893
0.22021864668572125,0.19838382053977321,0.19497390255309827,0.1950413778665806,0.19138225235482667
0.22688999817152028,0.19707314029631157,0.1932850977910151,0.19446596761007623,0.18828579613107682
0.22529565230917994,0.19823112843093285,0.19289758139418503,0.19424321894423874,0.18933241892146344
0.23415579147062224,0.19632692317644823,0.19133802181743692,0.19312510199363858,0.18505416154185403
0.2268751847148404,0.19761524282329543,0.1930165617595376,0.19387467760738136,0.18861833309494522
0.21839823826707336,0.19906834486062433,0.19412493746101298,0.19530138632320382,0.19310709308808555
0.22356894370758926,0.19784717578207325,0.1940179135653624,0.19467440373050846,0.18989156321446662
0.21978593794946244,0.19750759929749254,0.19428865766300074,0.19677545235245836,0.19164235273758592
0.23155155472099234,0.19642285658903066,0.191954153620128,0.19301780398423962,0.18705363108560935
0.23465474465209057,0.1962777171599984,0.1911014911112122,0.19266362804755283,0.18530241902914618
0.22813524593311094,0.1969650708592081,0.19279447068269245,0.19479949561175894,0.1873057169132295
0.22615518437989077,0.19786417646788848,0.19269010456090038,0.19478043728000707,0.18851009731131327
0.2276560318573276,0.19793767718207772,0.19267424512523418,0.19416144651463146,0.18757059932072906
0.23095931488704824,0.19657332596218707,0.1920966455303266,0.19344249862234802,0.1869282149980901
0.2336822287391721,0.19628786014944935,0.19103366587646492,0.19322589103442,0.18577035420049362
0.2316790916575668,0.19657167269579875,0.1913452413505208,0.19385614371543944,0.18654785058067416
0.2184273601891225,0.19844366558439552,0.1958378326288586,0.19549524750937164,0.19179589408825173
0.21576514947773162,0.199020454120923,0.19412975785902195,0.19714163410260743,0.19394300443971596
0.23397231960506978,0.19646298342295374,0.19143464733918863,0.19267121207380483,0.185458837558983
0.22669871566910893,0.1979501849981693,0.1932847678027259,0.19351269330166793,0.188553638228328
0.2288023265029284,0.19765519845219529,0.1917267100481751,0.19432846635133583,0.18748729864536537
0.2295571532147697,0.1970718916039618,0.19228402577864137,0.19394129020661802,0.18714563919600913
0.22103036460442652,0.19812788190939415,0.19459828149584388,0.19496301040151295,0.1912804615888225
0.2331887635653034,0.1959630263584135,0.1919738893940406,0.19304930610059579,0.18582501458164677
0.22750759167457496,0.19771479923556515,0.19234080056740446,0.1944438738710285,0.18799293465142694
0.23029165182656633,0.1972270951631216,0.19259303999376062,0.19365395654696474,0.1862342564695867
0.21529842882107403,0.1987797623326126,0.19534565530842676,0.19620019559288623,0.19437595794500034
0.22004574705859775,0.19904802970891325,0.19428611908776816,0.1950877994576069,0.19153230468711366
0.223830988788781,0.19856719277918508,0.19286459677118922,0.1950891819479154,0.1896480397129293
0.2311721567993915,0.19684829275197774,0.19197159611916473,0.19388835628319775,0.18611959804626826
0.237531823127639,0.1958933469795277,0.19032316165964547,0.1919467445330332,0.1843049237001546
0.227757002205479,0.19678243032402692,0.19204802852337727,0.19493083380526943,0.18848170514184712
0.23716336236459157,0.19597274143928556,0.19013225957552074,0.19207078863473173,0.18466084798587046
0.2254834232656897,0.19813715856560232,0.19255834834477192,0.19485843816262888,0.18896263166130728
0.23589519971748238,0.1961405343183418,0.1905381932345532,0.19245817060194165,0.18496790212768097
0.23585272708676241,0.19646052864409747,0.19078215714428923,0.1922133613152397,0.18469122580961123
0.2268266324728831,0.19754287096132372,0.19282658811499723,0.19461735206317776,0.18818655638761822
0.2317862280303455,0.19622890523292574,0.19188108324397646,0.1937266008260764,0.18637718266667572
0.22217521015073097,0.1988273799957477,0.19431135001668765,0.1961163894738764,0.18856967036295721
0.22839625534978492,0.1985104267011805,0.19143032364044663,0.19401038780366905,0.18765260650491905
0.23244865815935983,0.1965587546515669,0.19186601166102127,0.19310744982884892,0.18601912569920315
0.22571731983775278,0.1984247584523164,0.19275319774194136,0.19452693165334725,0.18857779231464217
0.21775255321432468,0.19944482473100905,0.1944677960446364,0.19636030380388414,0.19197452220614575
0.21874830130713574,0.19860748698136202,0.19446721760347244,0.19576601004482086,0.19241098406320895
0.222871185044818,0.19863997726966562,0.19386183944328617,0.1948790611004374,0.1897479371417928
