0.0513145152840383,0.05009201378769899,0.050060010803967575,0.04999273959881579,0.049850464787833795,0.050069113728616756,0.050055471403888316,0.049997170902275824,0.05017622179806649,0.04945068809270051,0.049922824462700924,0.04963607130797255,0.04975952778563282,0.04945804276347704,0.050143135609340535,0.04980050065784401,0.05012442524560629,0.04985466904444703,0.04998389924122726,0.05025849369384919
0.0510468154242651,0.05011205761507336,0.05007742339454644,0.05000116320317801,0.049890748491795714,0.05005601350157068,0.05000952702639996,0.050022123025205936,0.05025563779334045,0.0495726181026581,0.04991085757085465,0.04957621054176564,0.04981174585009144,0.04951570232309173,0.05010770234590688,0.049803966985389,0.050022123025205936,0.04983914251874692,0.049984514836065946,0.05038390642484792
0.05130352824872867,0.050099889974476924,0.05001232631362666,0.04993639022246341,0.04994079772945982,0.05003051578809268,0.050099889974476924,0.049976321151785026,0.05009053064875795,0.04936681610877991,0.05009053064875795,0.049749124251819314,0.049696081004162986,0.04956168253518327,0.05018088697325816,0.04981999804538442,0.05017121951176166,0.04988405157438012,0.04987542509358398,0.05011399420106014
0.0514145625147705,0.0501892878590688,0.050117369914613706,0.04998386189781657,0.04987395175323629,0.05007054635731471,0.050020009901575804,0.05007054635731471,0.050160269521143774,0.04937600178422861,0.04994820080256046,0.049646359942011886,0.0497807338710679,0.04949496741723342,0.05007984233205507,0.049714809666784536,0.05010793570123164,0.04982695549751958,0.04993935933496319,0.0501844275734888
0.05159185351479199,0.05014718080612634,0.05010121682032203,0.049987380792267735,0.04990629553219317,0.05005110577491528,0.05002641168908534,0.050001949488012974,0.050252500233940095,0.049344055190822106,0.049892235507243185,0.049607822673886914,0.0497598687509419,0.049383240425893676,0.05011135859310595,0.04969810447638294,0.05013176557150714,0.049929891503723345,0.049892235507243185,0.0501835271475947
0.05195238695484744,0.05016610364348573,0.05006671300358425,0.04996116054502229,0.04985014768341983,0.05006671300358425,0.050041191320819925,0.04994642031307809,0.050230995959176704,0.049275620682728116,0.04996116054502229,0.04957518843246214,0.04968477232856041,0.049371070353255,0.05010808452183917,0.049658103851780655,0.05020374669834726,0.049826595770545025,0.04989305150859305,0.05016077287984838
0.05101431967368649,0.050014586090688436,0.050206722690973794,0.04997189170928737,0.05000170499798164,0.050071152880935776,0.05009324497694232,0.049959216400452235,0.050165269153886735,0.04954458392589035,0.049880295191027574,0.049752260798240765,0.04983562198066598,0.04956655569996358,0.05004489141363613,0.04976402116658234,0.05005361551111363,0.050057988649862446,0.04991324588574642,0.05008881120243597
0.050927513239517795,0.05005419015504705,0.050146035208523954,0.049994736796960655,0.04994070604892183,0.050032800669684165,0.05002854386375554,0.04994894763917819,0.05013270780071504,0.0496221717014175,0.049920211671366496,0.04970801255629824,0.049835775339378593,0.04958560405063316,0.05010188355517821,0.04982786640248069,0.05007575864128192,0.04997799477384183,0.050071430407349696,0.050067109478469256
0.051512587515014356,0.05014983218003208,0.05013984523116113,0.04996647200244446,0.04992486330720018,0.050056519526202936,0.05004209331012635,0.04992486330720018,0.0501901884755297,0.049352321053816484,0.0499202795348392,0.049633204212736814,0.04974718863696852,0.04942894981188864,0.05010520178905777,0.04970445460097857,0.05021575347814778,0.049994575848776694,0.04986586676491332,0.05012493941296504
0.051907325359991825,0.050190659626447795,0.05005807199075065,0.04997977256562941,0.049871105357106274,0.050073019882670745,0.05003827549166216,0.049927256450017,0.05020115825283123,0.049307913226701715,0.04997014710246975,0.04956814516949043,0.04968298531691967,0.049362212468817536,0.05012348951644657,0.0496656913643436,0.05018542721032345,0.04984804335579479,0.049885035506182514,0.050154264785402886
0.05145725858750328,0.05017116412487234,0.05006090642536611,0.0499823592924822,0.0498621831171263,0.050127441585520884,0.0500375574217229,0.0499778112725592,0.05014193044789707,0.04938881960943727,0.050028276456383906,0.04968906386029301,0.049726181864451165,0.049486993484856766,0.05017607024106509,0.0496931649286094,0.050089208269592234,0.04987527726060014,0.04991050301085612,0.05011782873880462
0.05037670504816221,0.04983883538212007,0.05003142494423396,0.04982483657979495,0.04992073100525972,0.04995711987617377,0.04985996615403089,0.04985643318536487,0.04997550125599236,0.04963244497306057,0.04976268714859608,0.04985290470871787,0.0497456609350311,0.04961290643434363,0.04985643318536487,0.04972536114428196,0.04988482417000394,0.05263157894736842,0.04979014129018298,0.049863503631915766
0.05174062917936529,0.0501659261623639,0.05008972948341807,0.04993908089119483,0.049841646539557014,0.05002061806374277,0.05000604514563209,0.05003037869934214,0.05015563111639706,0.04927091990202473,0.04999637463848623,0.049584530210943736,0.04974309545242514,0.04944178254348249,0.05011993074729918,0.04965633493124606,0.05021279606511336,0.04980091544478341,0.04993908089119483,0.050244553891987474
0.05197723770621752,0.0501899785118329,0.05006874748034118,0.04995299768670771,0.04985151884962675,0.050038053793867866,0.050043144132736694,0.049948078341405154,0.050200806061572165,0.04925980066335836,0.04995299768670771,0.04957579950279972,0.04969464451784828,0.04936308348948316,0.05009981325225958,0.049658935796695794,0.050228088327226604,0.04982789854328025,0.0498945490321368,0.05017382662389585
0.05167773727787991,0.05017955773116282,0.05005399024635248,0.04996250688643866,0.04981962687712073,0.05004420809088966,0.050010258005613525,0.05004420809088966,0.05014884228054806,0.04931660306151986,0.04993426195107605,0.04959085994766434,0.04976623061436003,0.049409348062476696,0.05010346871938151,0.049662317369520946,0.050174411825783534,0.04982412240688646,0.049943643951663154,0.05033379660277209
0.0511235330349876,0.050172234550579696,0.050025214153578204,0.0500122578278676,0.04989016846156295,0.049999365275225346,0.05003823520818628,0.050042590112584225,0.05019065686537887,0.04946963755438517,0.05003823520818628,0.049710805628024234,0.049825081404456316,0.049541837515743196,0.05006008348072546,0.04975361741341854,0.05008654897554932,0.049902545095813954,0.0499950817676364,0.05012227046611034
0.05117798835176203,0.05014692049467284,0.050118844366755184,0.04995656871393799,0.04989178910796423,0.05002295648832753,0.050081890404162895,0.049987342246814455,0.050054522659001496,0.049391258919962766,0.04993047043510619,0.04963496810381343,0.0498326805203253,0.04956935519467785,0.050077308749895855,0.0498326805203253,0.05018008234199639,0.04995656871393799,0.04995656871393799,0.05019923495262208
0.051707343037685746,0.050136375375598397,0.050034070820662385,0.05000415611321649,0.049921190190641174,0.05002906115713328,0.05007450143059035,0.049999203379633185,0.05016789500183992,0.04935549032878091,0.04996479178096108,0.049659865824736284,0.049664252119559,0.04941163309157711,0.050079600294122006,0.04969070727014099,0.05020518534324123,0.049831371020064276,0.04986883368320725,0.05019447273660895
0.051750960443492595,0.05015023617618986,0.05005849252701706,0.049999105792277516,0.04991719781618629,0.05002368591181106,0.050078595072624195,0.049994217258530996,0.05020270178016776,0.04935791212913148,0.04996024799893478,0.04964170727467424,0.049680735554383834,0.04938954250200872,0.05006350341087744,0.049680735554383834,0.050197404331852546,0.04982848450206209,0.04983769009160466,0.05018684387178903
0.0517468272401493,0.05014991188806976,0.05004774327062695,0.049998144970599866,0.04989691503899637,0.050072902932003525,0.05004774327062695,0.05002282624594183,0.050213284063262746,0.04933095470252733,0.049968829403502675,0.04960496751242453,0.04967853447113407,0.04938629843286786,0.050072902932003525,0.04967853447113407,0.05018667935857338,0.04985466021849104,0.04985466021849104,0.05018667935857338
0.05169874553419042,0.05013743587125849,0.05002742131951504,0.049998214900140205,0.04989844913045898,0.05005201259390235,0.05005695903441434,0.050022530878347564,0.05018908003712061,0.04936319204537056,0.049978922597923144,0.049627384210486965,0.049691721318028494,0.049410334710726825,0.050061914996493685,0.049700406293074734,0.05021531601718283,0.04983847458467653,0.049847617340345186,0.05018386658634308
0.05191948554696785,0.05017309712082394,0.05008385974214906,0.049938447040138584,0.04984729135370099,0.05005310145462305,0.050048010674755346,0.049962952844586885,0.05019456898907618,0.04928964740560215,0.04995803371395541,0.049581544704101546,0.04970016627745625,0.04937729377557326,0.05009419535962954,0.04967339482982731,0.05023260715382723,0.049814451105956226,0.04989009251546252,0.05016775839178651
0.051815035420752456,0.05018491399530667,0.05006600008264943,0.049962048627602104,0.04983406679111777,0.05002591048483544,0.050030887888544685,0.049966906739580305,0.05017434519901766,0.04927796261780969,0.04998153451087712,0.049598507173800585,0.049716130054419785,0.04941200424295302,0.05013770710495412,0.0496807899896587,0.050179623902747765,0.04981100364606258,0.04993308361713134,0.050211537910178974
0.05172700575488634,0.050164868847278665,0.05005292050578226,0.04995520964028659,0.04981955317104584,0.0500380291879089,0.05002322288440052,0.04999873074084322,0.05015448265355233,0.049255322518795434,0.05002322288440052,0.049638234788867565,0.04974743824096668,0.04942697816247759,0.05012870572320805,0.049677083006950756,0.050222793278686916,0.049796820175605966,0.04992658455536914,0.050222793278686916
0.051218052240374616,0.0501104932740791,0.05016715412018018,0.04999189714855171,0.04986560934581014,0.05002329635011484,0.05004595779263571,0.050005307981111614,0.050186332815014015,0.04945372181645414,0.049974121312697295,0.04960161105907433,0.04990849519285858,0.049498482603286445,0.049996359842865476,0.04972452596783411,0.05013394574356725,0.04983598066996645,0.050018787647359404,0.05023986707616441
0.05155234188643678,0.050149758416896596,0.05004201634474761,0.04999449747107137,0.04982566619041125,0.05009531519744377,0.05000393249765687,0.05011497645327303,0.050149758416896596,0.04935222358684383,0.04992937454202442,0.04960016395264074,0.04979923628739645,0.04945220407842236,0.05006610582277251,0.04971286460318011,0.050154767141538645,0.04981242026585082,0.049966392789429145,0.050225984055067084
0.051053323640080056,0.05008829107132885,0.05001480799783999,0.04999358485260112,0.050057779242878284,0.04998093253015887,0.05012361622961524,0.049972531094140064,0.05010589189093707,0.049509547735591825,0.050070811223853685,0.04982958073575644,0.049670889899178346,0.04966336589962991,0.050110311294246555,0.04984154661909012,0.05019122875355478,0.049845546667495876,0.049861604624182945,0.05001480799783999
0.051858111420826705,0.05017169102237782,0.05010428435227737,0.04994074803878936,0.049813996846638335,0.05002371298389612,0.05002867562581171,0.05000395614116079,0.05016120104760345,0.049277664190127086,0.049950375371652506,0.04958046348841434,0.04975046849421277,0.04937944034867412,0.05010428435227737,0.04966207038792483,0.050198113785673466,0.049818589485552345,0.049931155028296266,0.05024099758781326
0.050871764648649585,0.050035756830306394,0.050126288938869897,0.049932676733244905,0.04990559029762183,0.04997579922325201,0.05000360920137029,0.049960037780877736,0.05006013128669387,0.04962718664910723,0.04998768196618553,0.04970146799206111,0.049799834264821485,0.049683612184166184,0.05006421619421452,0.04987496025030489,0.05016428205827646,0.049863561364888113,0.05001160912783458,0.05034993300725317
0.050687256341228185,0.05000838603940181,0.04990036021100639,0.049896711286551765,0.05011312367645148,0.04985688980770525,0.05023070364903228,0.04985688980770525,0.04994082494778559,0.049569829762158554,0.050281077264269496,0.04997814650560307,0.04964902634912079,0.049951966834152484,0.05016109864675893,0.04993712122407847,0.05032822064639419,0.049874919167828026,0.04981055268127298,0.049966895151495015
0.05067722899986901,0.050030942791249276,0.04989465416087994,0.04989106474978148,0.050111572592094235,0.049887480033798406,0.050219196108131026,0.04985896914977687,0.04995641091112744,0.04955638215448647,0.05026029592751579,0.04999341363425406,0.04968035451261426,0.04993810017011246,0.050150888674920714,0.04994540948827483,0.05029790456183038,0.04987675387337591,0.04982023875578952,0.04995273875011775
0.0517655647552104,0.050159496306100476,0.05010230070874024,0.04992835383142282,0.04986653066564156,0.050081820388657106,0.050006441840437635,0.05002134340135112,0.05018062560510856,0.04928760194725595,0.049937991028287755,0.04957612122972802,0.04976494265258666,0.04942252774287962,0.050092039902962945,0.04965807504750526,0.050175326240343814,0.0498060598847744,0.049937991028287755,0.050228845792717906
0.05160648286560197,0.05013286138980369,0.050107798399918725,0.04993888141773231,0.04985147831985854,0.05002921838950255,0.0500437703799481,0.05005840466448511,0.05018375710048584,0.049299535752311,0.04993888141773231,0.0496378234584761,0.04976234999590883,0.04946217367627717,0.050117793609674645,0.04967590811780925,0.05020960599647231,0.04978437049755471,0.04993888141773231,0.05022002313271451
0.051568991711905675,0.05015499070930115,0.04998872681226865,0.04995110424880017,0.04989106894695479,0.05004134995059716,0.05013485551419351,0.05000297409738093,0.05013485551419351,0.04932020811475906,0.050026892746242016,0.04969270938208959,0.049663044481815195,0.049475031659152964,0.050149941594502166,0.04973994045519216,0.05024245771825529,0.04981449106874247,0.04988650523022073,0.050119860043432635
0.0508658392424816,0.05018218193800204,0.050093377775002085,0.04999991595968232,0.04995065089366058,0.05001141636279708,0.050069692647443965,0.04992077890698501,0.05010132208610798,0.04957188823893795,0.04994689871820131,0.049779630086651455,0.049840278830782674,0.04964514499542056,0.05006576638261165,0.04989858917766904,0.050097346817574724,0.0499619390619179,0.0499394100558746,0.050057931822195666
0.05172293415642937,0.05015921300429345,0.05007779653157739,0.04995076322409797,0.049852395122040816,0.05004298192230903,0.05002820389344177,0.04997472094965156,0.050169579364176695,0.04933854103773967,0.05000862936930003,0.04961837880976652,0.04971762392582558,0.04939336357275752,0.05015404608968572,0.04971762392582558,0.05018521126560531,0.0498294830787257,0.049894120017050216,0.05016439073970031
0.05155639787894175,0.050170597806208514,0.05010562672635639,0.05001356777378662,0.049807478510318685,0.05005676432291677,0.04995705742419001,0.0500761971638949,0.05023213207273267,0.04930500919776441,0.04995705742419001,0.04964033127864938,0.04984300320039994,0.049419358669022466,0.05010562672635639,0.04965285574818043,0.05013540323513123,0.049820747653905914,0.04993848413490334,0.050206303052150195
0.05184460290833053,0.050173432314801744,0.050084962927061945,0.04995044609417086,0.04983164980338589,0.05004437684818359,0.05005952157595403,0.0499846643241243,0.05014184883597934,0.04925789409060065,0.04997974897240082,0.049595133910626116,0.049722165286034396,0.04939984217735874,0.05010550048831194,0.04966893989181773,0.050221583485409824,0.049808490358909274,0.04989278072602891,0.05023241498050938
0.0516445325395731,0.05017341388839268,0.05002071235189317,0.04994064921573761,0.049880996466965956,0.05006897652431114,0.05006410927885624,0.04991755068279022,0.05015318173597292,0.04932075857906909,0.05001593491588411,0.04965850994293625,0.049713610793979325,0.049428082334421995,0.050128121470635945,0.049748042302270014,0.05020922673997319,0.04984044515227091,0.04989464708462793,0.050178497999438194
0.05137864309505531,0.05010645295739345,0.05000032872796411,0.049933365091534905,0.04993777754560074,0.04998230625553372,0.050173292350936496,0.049911410182375306,0.05010645295739345,0.04936315167706647,0.05013487929635543,0.04971309594528891,0.0497417694560867,0.049550505134729195,0.050111168416204784,0.049791597493178165,0.05027710648466653,0.04981261911049376,0.04987233153423886,0.05010174628790387
0.05113472076407424,0.05012256175079352,0.050117953818175874,0.050067813111434,0.049914423234036415,0.050081390078028434,0.050005381844122,0.05019272525521843,0.050178532000424145,0.04943681716387786,0.04992723000939947,0.04967380427422765,0.04993151243320731,0.04944406975389894,0.05003640973452271,0.04972511046295691,0.05006330340551077,0.04980995971269405,0.04995302725029483,0.050183253943102656
0.05114924014378224,0.05005397297345197,0.05001766687592349,0.04995531608694568,0.05008616556908317,0.050067720303333736,0.05013759336286731,0.04994214326153087,0.05011877056312237,0.049474669250345917,0.05004484867598551,0.049801285708105235,0.04967507182035817,0.049596427584874,0.05011408685284325,0.04980545096899245,0.05020948129351395,0.04987722396676979,0.049868683310673574,0.05000418142749749
0.05143807113574966,0.05018209357321304,0.05008246134765234,0.04994212253752644,0.04986818675701423,0.05002723939532949,0.05003179642340865,0.05000006294230967,0.050162805989012016,0.04940129329619516,0.04998657942446424,0.04964148203067282,0.04976705379859164,0.04952860873261691,0.05012941044127105,0.0496854270611738,0.05016761373059199,0.04983831137860523,0.04994212253752644,0.05017725746707518
0.05077242782776014,0.05001327817135628,0.050232732501005385,0.05002919504089887,0.049962203727591005,0.05020689139868307,0.04991973811580205,0.050057286360680395,0.05034354304470206,0.04960479195274724,0.04983674192898464,0.04967773729851793,0.049938957641004866,0.049516844651894765,0.049946683973449355,0.04975253023952071,0.04997781424285003,0.05002122447428268,0.04997390301787642,0.0502154743903919
0.05174636971181619,0.05016013155474751,0.0500475033075208,0.049910893174719285,0.049849746533861795,0.050022583968769546,0.05006761315123664,0.050002818572767053,0.05011859171462467,0.04926850754942227,0.049988091508658995,0.049621836099047516,0.04973131816883186,0.04944230632939404,0.050123746565658454,0.04969583965360306,0.05026170505872547,0.04979903787514781,0.04990139686042706,0.05023996264101996
0.05136705462026754,0.050182052462695845,0.050081246592745245,0.05003924378404446,0.04982155459180993,0.05009067484074713,0.049984276501677104,0.050167399132683275,0.05019187024362539,0.04935616724219105,0.04991271489065164,0.04961159987481662,0.04989073503373731,0.04945285229688316,0.05002539327497376,0.0496718048345848,0.05013835082321283,0.04984298911039891,0.04997522586862377,0.0501967939796304
0.051651272807304645,0.050142479927494626,0.050008375912760306,0.04993675574976243,0.04992265893240472,0.050027807313893294,0.050091985961385144,0.049932048631419514,0.050142479927494626,0.049354269542185296,0.050022935894043254,0.04964194103435975,0.049680408313949875,0.04945658783436777,0.05011710619297317,0.04968902488893411,0.050295075153245154,0.049807921008317074,0.04989004823076609,0.0501888167429388
0.0511328313008283,0.05008303985726993,0.049983229740263056,0.04992011486780877,0.049983229740263056,0.050017514023590386,0.05010079992792884,0.0499917590674309,0.050039171935521876,0.04944236741140359,0.050056629420378286,0.04982207868114866,0.04972346988834627,0.04962434481704608,0.050186921616627675,0.049826095123897365,0.050252373660952615,0.049846264212351526,0.04986250525304792,0.050105259453894865
0.0511315648234683,0.050077583614134225,0.04997789941362234,0.049914857856688505,0.04997789941362234,0.05002077266258308,0.05010423472951974,0.0499949650538748,0.05004247550194555,0.04943753861827156,0.0500512077475464,0.04982495716503454,0.049726171943704135,0.049626878555328185,0.05019054880943246,0.04982093909313845,0.05025615471605643,0.04984918744680956,0.049865458881658525,0.05010870395356109
0.051038312829914105,0.050087481349124593,0.05004384012852305,0.04993367472964698,0.050022293221897975,0.05005685482369838,0.05013188436918076,0.04992952729565706,0.05010514890730748,0.04952831243894929,0.05005250929465926,0.04985997030665023,0.04969136794141472,0.04961615858365962,0.05003951641820826,0.049847875956951795,0.05023713414902129,0.049843856167145935,0.04985997030665023,0.05007431078173918
0.0510411947545272,0.05008496854234967,0.050036956236441346,0.04993101000797866,0.050019716028769375,0.0500630335084444,0.05013839987749249,0.04993516793028975,0.05010265355079073,0.04952524734069516,0.05004128421728749,0.04985723278707762,0.049696098445740966,0.049613180251097073,0.050045619441631425,0.04983708476523314,0.05024415005065207,0.04984110273162774,0.04986533308512601,0.05008056644674768
0.051518890422250156,0.05015740830655837,0.05003952534870036,0.04995451750200351,0.04987663976890271,0.05000613965801064,0.05014737106193359,0.0499778576287794,0.05013737420912685,0.049326404734543285,0.05004914339151075,0.049680396102003976,0.04973572238869575,0.049496412205949185,0.05009287547153429,0.04974432822216333,0.05025487534640129,0.049818540580155626,0.049863124041764836,0.05012245360901207
0.051659510112604036,0.050165793674707845,0.050044453894887195,0.05000525279741203,0.049905030177593214,0.05001988425471071,0.05008425819245606,0.04992383418657979,0.05019707340120648,0.04936769428609893,0.05000525279741203,0.049615853679674325,0.04970615252679471,0.049454958524976694,0.05007924870727343,0.049688739120504734,0.050202325846475646,0.049781346132569404,0.04989101183958745,0.050202325846475646
0.05152617833329916,0.05016067194957508,0.05003766694174015,0.04995725320023937,0.0498791878213523,0.05000900406050054,0.05015060711362263,0.04998065107556245,0.05013059895224017,0.04932780432839158,0.050042474938469875,0.04967406422368145,0.049737948964093746,0.04949019550643315,0.050095964543645476,0.049737948964093746,0.05025841590306799,0.04981210102206181,0.04986564028522928,0.05012562187270021
0.05150686088019678,0.05019772123739014,0.0500208452122605,0.049918424862823836,0.04992299631355981,0.050054286915127824,0.05013736849510956,0.049895682184323824,0.050068752653505195,0.0493669752970159,0.050107733271811845,0.04965696683397212,0.04966113587892684,0.04949079711477789,0.050182493616197844,0.049754382817105106,0.05024398674357434,0.04983741740442108,0.04988212687377774,0.05009304539412163
0.05150686088019678,0.05019772123739014,0.0500208452122605,0.049918424862823836,0.04992299631355981,0.050054286915127824,0.05013736849510956,0.049895682184323824,0.050068752653505195,0.0493669752970159,0.050107733271811845,0.04965696683397212,0.04966113587892684,0.04949079711477789,0.050182493616197844,0.049754382817105106,0.05024398674357434,0.04983741740442108,0.04988212687377774,0.05009304539412163
0.0501380957986296,0.04975870761592843,0.04980522236738926,0.049638199896887406,0.05006751291633609,0.04973115680759277,0.05005719470148407,0.04968281310891323,0.04975870761592843,0.0495595283544368,0.05004350107165787,0.05000957986194626,0.04958842881431232,0.05263157894736842,0.04993317885391625,0.049855697080996596,0.05047974685211571,0.049764865975275234,0.04971596329274128,0.049780320066143975
0.05057718945586299,0.049866943068259714,0.04974540624442736,0.049688399303412616,0.05002788996324771,0.04974540624442736,0.050110018748761316,0.04976852682541104,0.049827162090399585,0.04941161270278083,0.049964837514190986,0.04981140681554928,0.049573951150571886,0.05022234464448089,0.05001092764063762,0.049823214985199246,0.05263157894736843,0.04971106854703796,0.049651000349144304,0.04983111475882907
0.05142571872015027,0.05006932276819622,0.050012165041231633,0.04993784067928476,0.04996084484317727,0.05006451101526459,0.05012778497746006,0.04989692079324644,0.05011794684930616,0.04937005654485295,0.05003107802440302,0.049726253527942056,0.049696671269932366,0.04954901499394538,0.050172543591627886,0.049808110154110685,0.050233520900359284,0.04983004886099568,0.049856604247866934,0.05011304219664617
0.05158106185136397,0.050150195587998735,0.04998994463764442,0.04998025053420538,0.04996577547624613,0.04999480505447512,0.05012960284188179,0.04996577547624613,0.05008891763587516,0.04930630921199133,0.050048873261947964,0.04968684139458819,0.04967380190253287,0.04951335107219409,0.0501450314130904,0.04976185077807962,0.050327096432369614,0.04974847201944992,0.04984807580414573,0.05009396761367342
0.05140181358287947,0.050156172461015926,0.04998066777442453,0.04994875539869773,0.04995329102924262,0.05003628748093176,0.050088340546116494,0.04997151088645618,0.05010753507256965,0.04937927682400363,0.050069289804961635,0.04969766153086632,0.049726814023938096,0.049516760758708984,0.050151265803106325,0.04982040360597149,0.050251319954079464,0.049773225744869705,0.04988604320980673,0.05008356450735327
0.05024936280216631,0.04974395720145972,0.04977310948555401,0.04972468476233332,0.05001089601803734,0.04981244809672787,0.05000734735977082,0.049779628238535926,0.049763359135028606,0.04965196165383595,0.04997912900450305,0.05263157894736842,0.04960855183112792,0.04994081191894676,0.050018007789436825,0.049920139909369,0.050046650529885564,0.04992357428571631,0.049667619236166305,0.04974718179402995
0.051304983384050436,0.05007107821215966,0.049975112019325314,0.049970628527649,0.049957223151020524,0.05000217350862802,0.05013710592383223,0.05001125611068566,0.05011806386867432,0.04943724407654023,0.050006710881186925,0.04986520380103672,0.04972648495025881,0.049482342832058775,0.05011332585301098,0.04980974280689563,0.050249549991303606,0.04985659919193269,0.049848021181502125,0.05005714972824835
0.05134229108495975,0.05010058518371346,0.05002501654085795,0.04993353052985431,0.05005780479458076,0.050011090017480296,0.05011019050779021,0.04990223480403907,0.05010058518371346,0.04938269842760272,0.05007198547634117,0.049793279886663745,0.0497215197401389,0.04958306280787537,0.05014410121404842,0.0498061326276935,0.05026405106945383,0.04981042988694043,0.04981904410265412,0.050020366113598544
0.05153235371979846,0.050166211301532905,0.04998989621693631,0.04994297100763876,0.049966330337778635,0.050042496070669074,0.05008634071929721,0.04991060482817926,0.05008634071929721,0.04936732938178976,0.05006676167517129,0.04971108880336679,0.0496812653733681,0.04951631809052402,0.05018147688264983,0.049741219942419236,0.05028578481383707,0.04977166851629354,0.04984251321396083,0.0501110283854915
0.05169358259219323,0.0501475661312649,0.05000294086967768,0.04992174678434639,0.04992645544500716,0.0500518955837999,0.05007672468290138,0.049954881349450565,0.05016818070191944,0.04931656939400336,0.05002730319394312,0.04966138917269292,0.04967429375120914,0.04946607817063651,0.05010179746094341,0.049744092027591766,0.05029023412545728,0.04977516504339165,0.0498566643551967,0.05014243916437352
0.051290862476399364,0.05013860615670624,0.04996198086872354,0.04992626559461947,0.05005809065140147,0.05002106013982533,0.05006275699847887,0.050011884298501764,0.05006275699847887,0.04940447822042144,0.05000730840916495,0.0498048135062215,0.049684295251090534,0.049572434670116,0.05014342349993355,0.04980906109005018,0.05031316134443188,0.04984758095609026,0.04983039562009948,0.05004878324924532
0.05135442505013225,0.05011914141213778,0.04999143012933532,0.04995021109016006,0.050019270789470015,0.04999143012933532,0.05013861796584268,0.049927583112136284,0.05011914141213778,0.04937179635955096,0.050061597214453975,0.049706760257597266,0.04972766702088854,0.04953277927119306,0.050133734589994185,0.049856413163301305,0.05028465178915259,0.049748725398283844,0.04986961783354235,0.05009500601135448
0.05136044503565533,0.05012228280869064,0.04998962598028475,0.04995293043154201,0.05002215786442542,0.04999424882366375,0.05014181070191769,0.04993024883689515,0.050112575630707756,0.04937331176775961,0.05005510047939461,0.04970059528885015,0.04972988493966768,0.049526729022101236,0.05013691439778727,0.049850126135324434,0.05028824963878336,0.04974252854668655,0.049872149069437675,0.050098084600425107
0.05150202673151118,0.05014796700110913,0.05003308672256525,0.04994188396153508,0.049937169330421964,0.0500724600939835,0.05013776731980812,0.04995607770169737,0.05014796700110913,0.04929717924434401,0.049989492944594954,0.04973293681658746,0.04965943235901857,0.049485186384471226,0.05017365137231274,0.04978150851587094,0.05020483141996475,0.049821873471556526,0.04989510315036555,0.0500823984571722
0.05078696931392236,0.050000558413081944,0.04998461268810192,0.049883219619374065,0.050036794550032855,0.05000455996754119,0.05011500592620856,0.050053062951141536,0.050048986243463586,0.04963070209770805,0.05005714611442572,0.049867950838951555,0.04978174247042515,0.04973052179766934,0.05015291463212751,0.049879394482758875,0.05019572725381168,0.04986034799622759,0.04986034799622759,0.05006943464679913
0.051415754041823844,0.05013607668997214,0.050044777124867816,0.04992031921084505,0.04991581919158828,0.05006372830918802,0.05005897742512956,0.04996116060394493,0.05011658028224772,0.04943654102131899,0.050021281621391245,0.04967060148919985,0.04974155840418808,0.04949050211644196,0.05014097463828042,0.049767021636601017,0.0501904945772113,0.04979701782770363,0.04992031921084505,0.0501904945772113
0.05181671632447651,0.05017781790823557,0.050069169454430955,0.049984480117391025,0.04981813547547308,0.050038963191277076,0.049994302410372594,0.05004899269021183,0.05016726404860947,0.049263913101004524,0.049955229518593325,0.04956649368961414,0.04979059703634054,0.04938156310024082,0.05011000727930504,0.04965672626782732,0.050172535316461105,0.04979516820890897,0.049955229518593325,0.05023669534263276
0.051310062405934644,0.05014037124389557,0.05013569291544898,0.05001253500510436,0.04986945606204664,0.05008022200758361,0.050021458519776275,0.05000808462986015,0.05016862782180509,0.0494239183111313,0.04990773213243459,0.0496150921878466,0.04981094772218988,0.04945314589673481,0.05012636246783879,0.04978624099145159,0.050117066641913725,0.049916311198830735,0.04994221259610273,0.05015445924206994
0.05173840529824741,0.050213380039168275,0.050078065956968114,0.04994957014338104,0.04982234620980038,0.05003286752786404,0.05004784581642087,0.05002292978062839,0.050181490324597136,0.049268953311097194,0.049959235071405816,0.04960508763084975,0.04974063905292877,0.04941043608018123,0.050113781184303506,0.04966117857490992,0.050176215639002666,0.049817744678890705,0.04993034402770524,0.05022948365164972
0.05065736524669484,0.049990612087252057,0.050052217460179405,0.050123331476996914,0.049867884586069444,0.05017597206729155,0.04994533507120749,0.050586877607243966,0.050139410152128965,0.049746894024143076,0.04979254621012508,0.04971570733483675,0.049979220372867665,0.049531932482876136,0.049979220372867665,0.04978900847325448,0.04993413456171245,0.04990817917248015,0.04990817917248015,0.05017597206729155
0.051687984302352274,0.05016130692463175,0.050057198053647084,0.05000431075704884,0.04986069042105754,0.0500669310975437,0.050033024932762495,0.04999955551661433,0.050181638727358584,0.04931057676241278,0.049947803901291304,0.04959787095353972,0.04972846008820264,0.04940220829593834,0.05010623837148104,0.049694203813029705,0.05021763141098577,0.049865206949775205,0.04991078456569722,0.05016637415462967
0.05109863099157541,0.05005067741933581,0.04993708141463348,0.049920027462532345,0.04998454625468045,0.04996718847726818,0.05015085668522589,0.04986532813025629,0.05005067741933581,0.04946881064116468,0.05009572279117662,0.04986116522223203,0.049759052561121085,0.04968772380585813,0.050202495156278906,0.04989885968239271,0.050221547088008106,0.04983631796493275,0.04986116522223203,0.050082125609759075
0.051529624726582186,0.05015881190783604,0.05002451514206327,0.0499153464182176,0.04992933569163071,0.050014841402684786,0.05010823884030366,0.04992933569163071,0.05009824537502813,0.04933924282981995,0.05003909343232788,0.049683393884340454,0.04969627749323733,0.049488437692629235,0.05016392621949414,0.04981936933087871,0.05023667307539518,0.04985099357694899,0.04985099357694899,0.05012330369200181
0.05108885965700089,0.05023732702769477,0.05006577465785861,0.049929744952852004,0.04989270361122276,0.05000113469963428,0.05006577465785861,0.05000113469963428,0.050100924322256074,0.04943262519355622,0.05003110005444672,0.04967641101683727,0.049900891597664886,0.04957582846398351,0.050096503961463555,0.0497726965287145,0.05016818138643114,0.04985615658672321,0.049938045537735565,0.05016818138643114
0.05186921444314016,0.05017704720481958,0.050052689333322804,0.049973013791950814,0.049862493685663284,0.050047637634820306,0.05006282253406036,0.049909994384289884,0.050209133966854565,0.04929051685104304,0.049982842162582204,0.049588754902589585,0.04970675597743499,0.049369512941553735,0.05011928561396852,0.04970675597743499,0.05021452317259692,0.049829722305172706,0.04987665789753577,0.0501506252191658
0.05103406273349858,0.05003728390551657,0.050298552001081055,0.05000269177764529,0.0498809396891492,0.05006793488069515,0.04998556529573815,0.049981300967989,0.0502270433201321,0.049504382372304825,0.04988504818921422,0.0497020146656886,0.049848290008753786,0.04949716852978923,0.05006793488069515,0.04980002128483509,0.05004164040740124,0.049960081430088635,0.050011296996051835,0.05016674666373224
0.05093163241088622,0.050051358849523456,0.05017471799288207,0.04998344671373022,0.049872633035496876,0.05012553118366397,0.049966739089100896,0.050116691481564654,0.05027617102917197,0.04953173326239802,0.04982083602767441,0.04965965519900689,0.04989687021889911,0.04949614259351371,0.04999604693858909,0.049762231887796125,0.05005566280597743,0.05022952475989748,0.04990906972387017,0.05014330479635723
0.05145664916561727,0.05013269809175285,0.04998282167381852,0.04994665949139047,0.04992430340645929,0.05002410353436545,0.05015206955333312,0.049942173407299735,0.05011347564805469,0.04937454709308814,0.050066049574188996,0.049739165278730874,0.04968548278621846,0.049541687225994224,0.05009915456594966,0.04977692139071601,0.05028700955389686,0.04978961822558439,0.04987575833149015,0.05008965200205103
0.05142658108493536,0.05012602792843143,0.04992078274266518,0.04991182140845505,0.04999818503388504,0.05002605242045615,0.05013575826040921,0.04990735179567982,0.05006842152911417,0.049355814295734456,0.0500874787259411,0.04971329585067338,0.04965959328484699,0.04953922161292725,0.05017011731313473,0.04989843449801343,0.050354997464083125,0.049763759882259825,0.04981512796289438,0.050121176905460106
0.050291541742202885,0.04981992034006105,0.04981650190888085,0.04974565006524387,0.0499351587202723,0.04984396673186473,0.049945880115524074,0.049755664886246685,0.04984741888453958,0.04957412579693101,0.049931594382659324,0.04987519174908577,0.04970264818271269,0.049735669877938996,0.05005928321212214,0.05263157894736842,0.050014802179576025,0.04975232274210776,0.04978592081438954,0.0499351587202723
0.05060131458393492,0.049874916091538705,0.0499731895983088,0.049874916091538705,0.049772572343005604,0.04990988574649422,0.04990597807298025,0.0498556788528739,0.05003393766545842,0.04957119521595342,0.04980627497385267,0.049546947314421864,0.049848021182892145,0.049502413959848,0.04991771797338257,0.0497949962704302,0.0498865231445897,0.04974663137570354,0.04994531059542393,0.05263157894736842
0.051420778166214466,0.0501294239753095,0.04998336375441448,0.04995148383361385,0.049965099984936055,0.05002027448208915,0.050139141118705884,0.049919978694869874,0.050139141118705884,0.049382584419344934,0.050090927022762494,0.04972558989809428,0.049721417621646634,0.04955128097392477,0.050105294632346246,0.049771886674584535,0.050274239668720265,0.049776132693664064,0.049836254084917514,0.05009570718113532
0.0518313550020014,0.05021698019670879,0.05003673642817693,0.049972899162617754,0.04986356052207387,0.05004669747269575,0.050071769660554134,0.0499295875014746,0.050153704879850915,0.049289361514130124,0.050002169923662236,0.049584090959916984,0.04969181028853924,0.04939922981510123,0.050127812075688664,0.04968304791840968,0.050201006932670184,0.04982193384903096,0.04989637477067031,0.05017987112602623
0.05111174118945028,0.050188702504958625,0.050032620011189945,0.04994169108761758,0.0499620847696576,0.05005373294367871,0.050083584937906295,0.04997028600003045,0.05006648411504404,0.04946055812519287,0.05002422270680152,0.04973056015104415,0.0498030493946758,0.0495871691826341,0.05011379084552768,0.04977230360498178,0.05011379084552768,0.04992548679731195,0.04990937896368617,0.05014876182308277
0.05198088244485809,0.050184862788617356,0.05007371260539465,0.049957271999183185,0.049836202004875305,0.05005308431696797,0.05002752874076602,0.04996222901354345,0.050184862788617356,0.04925273600028158,0.049957271999183185,0.04957805941526358,0.0496975050274348,0.04936433250550535,0.050104970802047934,0.04966161288041784,0.05021207961031715,0.04982202417795682,0.04989848900008956,0.05019028187867867
0.05150389846114871,0.0501614985075061,0.0500792206927211,0.050036717818281236,0.049868845027198086,0.0500792206927211,0.04999029443862731,0.050107953596024574,0.05017135914742843,0.049316884862774774,0.04992663989745784,0.04962045486869252,0.049799331423466466,0.04943637281497851,0.050098339750348324,0.049689873160498166,0.050186224659958034,0.049795043385395754,0.04993564138348503,0.05019618541128792
0.05159607774430818,0.050170438423631815,0.05011489800498285,0.04997403135982062,0.049840264670115576,0.050036232811153096,0.05002174704579785,0.05008511376183336,0.05020126812317266,0.049306099804819314,0.04995518326841297,0.049586201879485536,0.04979560080569998,0.04940584859581973,0.05008511376183336,0.04969117422666707,0.050165337608784326,0.04983576617521108,0.049927157418518525,0.050206444509931905
0.05176150172766681,0.050149147528835605,0.05006739959405977,0.049959075997467205,0.04989708285139283,0.05008252762787837,0.05003740817253205,0.04994464293328638,0.050212270525203676,0.04935647586294455,0.049968741500920795,0.04959760102089827,0.04970576065662112,0.049380180177527676,0.05005236029000825,0.04971458667459078,0.050196336378732255,0.049799805512806855,0.049920758587894486,0.050196336378732255
0.051218497827375906,0.050073048748062184,0.049995152702355876,0.04993710418449639,0.04998613925300308,0.05003151894404933,0.050148594023592306,0.049915108107181416,0.05012949385809485,0.04946215433570404,0.050026945396093675,0.049774177498625574,0.04972053206666708,0.049561342708200944,0.05016301612965438,0.04983735556585763,0.05023146487360639,0.049824606191447754,0.04986733277583869,0.0500964148100925
0.051129709488919074,0.050097248431198775,0.04999556997078716,0.049982595278893524,0.049986913103554347,0.050012969560121585,0.05014275178159547,0.04993555557388742,0.050097248431198775,0.04946750118606944,0.05004370032384147,0.04974318434142859,0.04977101535836138,0.04957778187368309,0.05013816407785726,0.04993555557388742,0.05018442811274458,0.04976702294387281,0.04988932265284287,0.05010176193525494
0.051245737362146083,0.05013049257481717,0.05012568740924889,0.050008417429798876,0.04986121161494539,0.05001300739222616,0.04999013733743495,0.05008757280278475,0.05020867091831721,0.049448971579497514,0.04990939559202226,0.049623869095265546,0.04991381831363591,0.04945654021653203,0.050022211538649386,0.049742185035737824,0.050106558188592505,0.049874269192737276,0.050017605414307574,0.0502136409913027
0.05082300547245119,0.05009909237425065,0.050111104235991535,0.049959157964252356,0.04987346983684722,0.050047686156160155,0.0500831646287256,0.04992530469519194,0.050028184801832555,0.04964795655024597,0.04995159805952239,0.049790364801957865,0.04982259133559674,0.04968892356161817,0.050111104235991535,0.04985883785559985,0.050087137217763825,0.049899264343087515,0.049974342297283,0.050217709575629765
